0.8957851529121399	0.10421483963727951
0.21643796563148499	0.7835620045661926
0.9320944547653198	0.0679054707288742
0.9750154614448547	0.02498450130224228
0.9378897547721863	0.06211019679903984
0.7557348608970642	0.2442650943994522
0.8910639882087708	0.10893601924180984
0.7632609605789185	0.23673906922340393
0.9568377733230591	0.043162256479263306
0.7531774044036865	0.24682265520095825
0.8265202045440674	0.173479825258255
0.8817787170410156	0.11822130531072617
0.8616854548454285	0.13831457495689392
0.7718009352684021	0.2281990796327591
0.8835788369178772	0.11642120033502579
0.9385907649993896	0.06140927970409393
0.8093956708908081	0.19060438871383667
0.7793102860450745	0.22068968415260315
0.9477823972702026	0.052217528223991394
0.9373480677604675	0.06265199184417725
0.8475556373596191	0.15244436264038086
0.7702160477638245	0.22978389263153076
0.9896134734153748	0.010386539623141289
0.9567700028419495	0.043230075389146805
0.8839036226272583	0.11609631776809692
0.9985766410827637	0.0014233222464099526
0.9893835186958313	0.010616428218781948
0.9777015447616577	0.022298496216535568
0.9170740842819214	0.08292591571807861
0.950534999370575	0.049465060234069824
0.8761351108551025	0.12386489659547806
0.7188440561294556	0.28115594387054443
0.20133408904075623	0.7986659407615662
0.15515750646591187	0.8448425531387329
0.5716825723648071	0.4283173978328705
0.7946434020996094	0.20535658299922943
0.9372816681861877	0.06271830201148987
0.7245045900344849	0.27549540996551514
0.4053289294242859	0.5946710705757141
0.4360859990119934	0.5639140009880066
0.574722170829773	0.42527779936790466
0.38326865434646606	0.6167313456535339
0.5006306171417236	0.49936938285827637
0.6788479089736938	0.32115209102630615
0.7938307523727417	0.2061692327260971
0.8790336847305298	0.12096625566482544
0.8658711910247803	0.13412873446941376
0.9020411968231201	0.09795884042978287
0.833629846572876	0.16637012362480164
0.6185286641120911	0.38147130608558655
0.5143803954124451	0.4856196343898773
0.42330434918403625	0.5766956210136414
0.6336644291877747	0.36633557081222534
0.7613331079483032	0.23866689205169678
0.6725682616233826	0.32743173837661743
0.4802907407283783	0.5197092294692993
0.5711671710014343	0.4288327693939209
0.9425696730613708	0.05743028223514557
0.5819316506385803	0.4180682897567749
0.548905611038208	0.45109444856643677
0.7290229201316833	0.27097705006599426
0.5940279364585876	0.40597212314605713
0.5838490724563599	0.41615089774131775
0.6445661187171936	0.3554338216781616
0.5213919281959534	0.478608101606369
0.5164834260940552	0.4835165739059448
0.4201747179031372	0.5798252820968628
0.7132859230041504	0.2867140769958496
0.8383898735046387	0.16161015629768372
0.4618604779243469	0.5381395220756531
0.6997907161712646	0.3002093434333801
0.7717834711074829	0.2282165288925171
0.9117404818534851	0.08825945109128952
0.80318284034729	0.19681711494922638
0.6664959788322449	0.33350399136543274
0.4382939040660858	0.5617060661315918
0.05290815606713295	0.947091817855835
0.01142866164445877	0.9885713458061218
0.9454952478408813	0.05450471490621567
0.8507978916168213	0.14920209348201752
0.0032982470002025366	0.9967017769813538
3.490042581688613e-05	0.9999650716781616
0.1094304621219635	0.8905695676803589
0.04420924559235573	0.9557906985282898
3.990982804680243e-06	0.9999960660934448
5.329937948772567e-07	0.9999995231628418
0.0012638536281883717	0.9987362027168274
0.02804289385676384	0.9719570875167847
0.17657579481601715	0.823424220085144
0.5891290307044983	0.4108709990978241
0.9209210276603699	0.07907897979021072
0.006131602916866541	0.9938684105873108
2.9754293791484088e-05	0.9999701976776123
2.6379024120615213e-07	0.9999997615814209
1.9750979518562417e-08	1.0
1.6064903639985905e-16	1.0
1.032097681888985e-15	1.0
6.105991146726497e-12	1.0
8.807103935026817e-10	1.0
2.8158303848613286e-06	0.9999971389770508
3.5236018447903916e-05	0.999964714050293
0.06550842523574829	0.9344915151596069
0.9650961756706238	0.03490390256047249
0.0007250889902934432	0.9992749094963074
1.3188601144520362e-07	0.9999998807907104
1.5458266584096256e-14	1.0
2.3511220571879703e-15	1.0
4.919021529621766e-14	1.0
9.643849807616789e-07	0.9999990463256836
7.717267419248279e-16	1.0
3.866144600642163e-13	1.0
2.0071216910722e-10	1.0
0.6135501861572266	0.38644981384277344
0.256425678730011	0.7435742616653442
0.6084508299827576	0.39154917001724243
0.5440509915351868	0.45594900846481323
0.00029721311875618994	0.9997027516365051
0.010822807438671589	0.9891771674156189
5.5892171076266095e-05	0.9999440908432007
9.010620374838574e-12	1.0
9.725504429569654e-11	1.0
7.571739908671921e-20	1.0
7.988160202483229e-16	1.0
4.02823907563743e-08	1.0
0.6580556631088257	0.34194430708885193
0.5125647187232971	0.4874352812767029
0.8141039609909058	0.18589605391025543
0.7030389904975891	0.2969610393047333
0.0035161818377673626	0.9964838027954102
0.0015700579388067126	0.9984299540519714
3.7998444391007524e-09	1.0
9.049864746479841e-10	1.0
1.9908963366788157e-08	1.0
6.366652769429493e-07	0.9999994039535522
0.004524817690253258	0.9954752326011658
0.8748733997344971	0.12512658536434174
0.4391964375972748	0.5608035922050476
0.4185304045677185	0.5814695954322815
0.9392498135566711	0.06075020134449005
0.9375144243240356	0.06248560920357704
6.904723250045208e-06	0.999993085861206
7.123398518160684e-06	0.999992847442627
8.948549293563701e-06	0.9999910593032837
5.640875500034781e-08	1.0
2.7756796860956e-10	1.0
1.1920267297682585e-06	0.9999988079071045
0.9029626846313477	0.09703729301691055
0.9693343639373779	0.030665606260299683
0.499942809343338	0.5000572204589844
0.09242275357246399	0.9075772762298584
0.29741764068603516	0.7025823593139648
4.344008175394265e-07	0.9999995231628418
3.9992817391087954e-10	1.0
1.514463292551227e-06	0.9999984502792358
9.170624676313466e-11	1.0
0.00199907342903316	0.9980009198188782
0.49446186423301697	0.5055381059646606
0.9302035570144653	0.06979647278785706
0.7460406422615051	0.2539593279361725
0.6804009079933167	0.3195991516113281
0.3913184702396393	0.6086815595626831
0.20969370007514954	0.7903062701225281
4.3774432863241675e-12	1.0
1.8138816837431904e-10	1.0
2.2261940148303808e-14	1.0
3.6573568618081254e-09	1.0
5.3210874284559395e-06	0.9999946355819702
0.4839874505996704	0.5160125494003296
0.7824437022209167	0.21755628287792206
0.9051750302314758	0.09482502937316895
0.8511791229248047	0.14882086217403412
0.6560934782028198	0.3439065217971802
0.9255234599113464	0.07447652518749237
7.044399126243661e-07	0.9999992847442627
0.1313999444246292	0.8686001300811768
1.6838404235386406e-06	0.9999983310699463
6.572982158559171e-10	1.0
0.018574107438325882	0.9814258813858032
0.4201953113079071	0.5798046588897705
0.0004833357816096395	0.9995167255401611
0.5098786354064941	0.49012139439582825
0.3549838066101074	0.6450161933898926
0.86566162109375	0.1343384087085724
0.8851168155670166	0.11488313227891922
0.3336365222930908	0.6663634777069092
0.012401316314935684	0.987598717212677
0.007342568598687649	0.9926573634147644
0.4919807016849518	0.5080192685127258
0.5724244713783264	0.4275754988193512
0.46667906641960144	0.5333209037780762
0.1898500919342041	0.8101499080657959
0.7655600905418396	0.2344399392604828
0.9981628060340881	0.0018372376216575503
0.9909748435020447	0.009025165811181068
0.9524535536766052	0.047546423971652985
0.9796559810638428	0.020344071090221405
0.9832015633583069	0.016798455268144608
0.9388468861579895	0.06115313619375229
0.923564612865448	0.07643534988164902
0.9408161044120789	0.05918385088443756
0.9998264908790588	0.0001735232799546793
0.9374103546142578	0.0625896006822586
0.9298210144042969	0.07017898559570312
0.9308303594589233	0.06916960328817368
0.8529324531555176	0.14706750214099884
0.4554731845855713	0.5445268154144287
0.9719155430793762	0.028084397315979004
0.9416964054107666	0.058303553611040115
0.924342691898346	0.07565732300281525
0.8691818714141846	0.130818173289299
0.9353753328323364	0.06462468951940536
0.966282308101654	0.03371765464544296
0.9476514458656311	0.052348557859659195
0.9464426636695862	0.0535573847591877
0.8518032431602478	0.14819678664207458
0.9405650496482849	0.05943496152758598
0.895861029624939	0.10413901507854462
