MALIGNANT 1707.000000 2607.000000 1967.000000 2867.000000
MALIGNANT 1907.000000 2620.000000 2167.000000 2880.000000
MALIGNANT 1860.000000 2847.000000 2120.000000 3107.000000
MALIGNANT 1767.000000 3107.000000 2027.000000 3367.000000
MALIGNANT 1687.000000 3207.000000 1947.000000 3467.000000
MALIGNANT 1920.000000 3240.000000 2180.000000 3500.000000
MALIGNANT 2120.000000 3300.000000 2380.000000 3560.000000
MALIGNANT 1967.000000 2740.000000 2227.000000 3000.000000
MALIGNANT 2147.000000 2827.000000 2407.000000 3087.000000
MALIGNANT 2234.000000 2920.000000 2494.000000 3180.000000
MALIGNANT 2374.000000 3020.000000 2634.000000 3280.000000
MALIGNANT 2314.000000 3174.000000 2574.000000 3434.000000
MALIGNANT 1934.000000 3040.000000 2194.000000 3300.000000
MALIGNANT 2154.000000 3067.000000 2414.000000 3327.000000
MALIGNANT 2014.000000 2680.000000 2274.000000 2940.000000
MALIGNANT 1760.000000 2720.000000 2020.000000 2980.000000
MALIGNANT 1814.000000 3154.000000 2074.000000 3414.000000
MALIGNANT 2074.000000 3067.000000 2334.000000 3327.000000
MALIGNANT 2334.000000 3020.000000 2594.000000 3280.000000
MALIGNANT 2047.000000 3240.000000 2307.000000 3500.000000
