MALIGNANT 1627.000000 3194.000000 1887.000000 3454.000000
MALIGNANT 1454.000000 3220.000000 1714.000000 3480.000000
MALIGNANT 1274.000000 3260.000000 1534.000000 3520.000000
MALIGNANT 1174.000000 3427.000000 1434.000000 3687.000000
MALIGNANT 1180.000000 3607.000000 1440.000000 3867.000000
MALIGNANT 1334.000000 3667.000000 1594.000000 3927.000000
MALIGNANT 1534.000000 3594.000000 1794.000000 3854.000000
MALIGNANT 1647.000000 3434.000000 1907.000000 3694.000000
MALIGNANT 1394.000000 3440.000000 1654.000000 3700.000000
MALIGNANT 1560.000000 3287.000000 1820.000000 3547.000000
MALIGNANT 1267.000000 3520.000000 1527.000000 3780.000000
