GOOD 3207.000000 3327.000000 3467.000000 3587.000000
GOOD 2747.000000 3260.000000 3007.000000 3520.000000
GOOD 3120.000000 3007.000000 3380.000000 3267.000000
GOOD 2794.000000 2887.000000 3054.000000 3147.000000
GOOD 3094.000000 2607.000000 3354.000000 2867.000000
GOOD 3094.000000 2607.000000 3354.000000 2867.000000
GOOD 2794.000000 2540.000000 3054.000000 2800.000000
GOOD 3207.000000 2307.000000 3467.000000 2567.000000
GOOD 3207.000000 2307.000000 3467.000000 2567.000000
GOOD 2627.000000 2167.000000 2887.000000 2427.000000
GOOD 2954.000000 2100.000000 3214.000000 2360.000000
GOOD 3300.000000 1867.000000 3560.000000 2127.000000
GOOD 2934.000000 1800.000000 3194.000000 2060.000000
GOOD 2234.000000 2147.000000 2494.000000 2407.000000
GOOD 2587.000000 1867.000000 2847.000000 2127.000000
GOOD 2234.000000 2700.000000 2494.000000 2960.000000
GOOD 2400.000000 2474.000000 2660.000000 2734.000000
GOOD 2400.000000 2474.000000 2660.000000 2734.000000
GOOD 2280.000000 2914.000000 2540.000000 3174.000000
GOOD 2280.000000 2914.000000 2540.000000 3174.000000
GOOD 2260.000000 3327.000000 2520.000000 3587.000000
GOOD 2260.000000 3327.000000 2520.000000 3587.000000
GOOD 2447.000000 3607.000000 2707.000000 3867.000000
GOOD 2100.000000 3680.000000 2360.000000 3940.000000
GOOD 1840.000000 3327.000000 2100.000000 3587.000000
GOOD 1774.000000 2934.000000 2034.000000 3194.000000
GOOD 1774.000000 2934.000000 2034.000000 3194.000000
GOOD 1727.000000 2654.000000 1987.000000 2914.000000
GOOD 1727.000000 2654.000000 1987.000000 2914.000000
GOOD 1794.000000 2380.000000 2054.000000 2640.000000
GOOD 1794.000000 2380.000000 2054.000000 2640.000000
GOOD 1840.000000 1987.000000 2100.000000 2247.000000
GOOD 2167.000000 1727.000000 2427.000000 1987.000000
GOOD 2167.000000 1727.000000 2427.000000 1987.000000
GOOD 2627.000000 1567.000000 2887.000000 1827.000000
GOOD 3074.000000 1427.000000 3334.000000 1687.000000
GOOD 2374.000000 4074.000000 2634.000000 4334.000000
GOOD 2027.000000 3980.000000 2287.000000 4240.000000
GOOD 2654.000000 4260.000000 2914.000000 4520.000000
