MALIGNANT 1874.000000 3634.000000 2134.000000 3894.000000
MALIGNANT 180.000000 3160.000000 440.000000 3420.000000
MALIGNANT 200.000000 3387.000000 460.000000 3647.000000
MALIGNANT 374.000000 3234.000000 634.000000 3494.000000
MALIGNANT 340.000000 3560.000000 600.000000 3820.000000
MALIGNANT 474.000000 3727.000000 734.000000 3987.000000
MALIGNANT 687.000000 3794.000000 947.000000 4054.000000
MALIGNANT 580.000000 3294.000000 840.000000 3554.000000
MALIGNANT 500.000000 3440.000000 760.000000 3700.000000
MALIGNANT 600.000000 3607.000000 860.000000 3867.000000
MALIGNANT 774.000000 3387.000000 1034.000000 3647.000000
MALIGNANT 800.000000 3587.000000 1060.000000 3847.000000
MALIGNANT 900.000000 3727.000000 1160.000000 3987.000000
MALIGNANT 1134.000000 3707.000000 1394.000000 3967.000000
MALIGNANT 1007.000000 3487.000000 1267.000000 3747.000000
MALIGNANT 1234.000000 3520.000000 1494.000000 3780.000000
MALIGNANT 1480.000000 3594.000000 1740.000000 3854.000000
MALIGNANT 1694.000000 3607.000000 1954.000000 3867.000000
MALIGNANT 1680.000000 3747.000000 1940.000000 4007.000000
MALIGNANT 1440.000000 3627.000000 1700.000000 3887.000000
MALIGNANT 267.000000 3267.000000 527.000000 3527.000000
