MALIGNANT 1754.000000 2654.000000 2014.000000 2914.000000
MALIGNANT 1574.000000 2687.000000 1834.000000 2947.000000
MALIGNANT 1554.000000 2854.000000 1814.000000 3114.000000
MALIGNANT 1640.000000 2994.000000 1900.000000 3254.000000
MALIGNANT 1820.000000 2980.000000 2080.000000 3240.000000
MALIGNANT 1907.000000 2900.000000 2167.000000 3160.000000
MALIGNANT 1987.000000 2860.000000 2247.000000 3120.000000
MALIGNANT 1967.000000 2694.000000 2227.000000 2954.000000
MALIGNANT 1787.000000 2820.000000 2047.000000 3080.000000
MALIGNANT 1707.000000 2774.000000 1967.000000 3034.000000
MALIGNANT 1787.000000 2714.000000 2047.000000 2974.000000
MALIGNANT 1920.000000 2794.000000 2180.000000 3054.000000
MALIGNANT 1774.000000 2947.000000 2034.000000 3207.000000
MALIGNANT 1667.000000 2894.000000 1927.000000 3154.000000
MALIGNANT 1614.000000 2774.000000 1874.000000 3034.000000
MALIGNANT 1660.000000 2640.000000 1920.000000 2900.000000
