MALIGNANT 2714.000000 2020.000000 2974.000000 2280.000000
MALIGNANT 2474.000000 2034.000000 2734.000000 2294.000000
MALIGNANT 2400.000000 2134.000000 2660.000000 2394.000000
MALIGNANT 2334.000000 2387.000000 2594.000000 2647.000000
MALIGNANT 2374.000000 2447.000000 2634.000000 2707.000000
MALIGNANT 2514.000000 2307.000000 2774.000000 2567.000000
MALIGNANT 2614.000000 2134.000000 2874.000000 2394.000000
MALIGNANT 2440.000000 2220.000000 2700.000000 2480.000000
MALIGNANT 2634.000000 2080.000000 2894.000000 2340.000000
MALIGNANT 2414.000000 2320.000000 2674.000000 2580.000000
