GOOD 2514.000000 694.000000 2774.000000 954.000000
GOOD 2487.000000 1060.000000 2747.000000 1320.000000
GOOD 2587.000000 1480.000000 2847.000000 1740.000000
GOOD 2314.000000 1354.000000 2574.000000 1614.000000
GOOD 1974.000000 1307.000000 2234.000000 1567.000000
GOOD 1774.000000 1700.000000 2034.000000 1960.000000
GOOD 2140.000000 1747.000000 2400.000000 2007.000000
GOOD 2067.000000 2314.000000 2327.000000 2574.000000
GOOD 2387.000000 2734.000000 2647.000000 2994.000000
GOOD 2660.000000 3074.000000 2920.000000 3334.000000
GOOD 2240.000000 3100.000000 2500.000000 3360.000000
GOOD 1920.000000 2734.000000 2180.000000 2994.000000
GOOD 1600.000000 2287.000000 1860.000000 2547.000000
GOOD 1507.000000 1947.000000 1767.000000 2207.000000
