MALIGNANT 654.000000 2414.000000 914.000000 2674.000000
MALIGNANT 687.000000 2547.000000 947.000000 2807.000000
MALIGNANT 840.000000 2467.000000 1100.000000 2727.000000
MALIGNANT 954.000000 2487.000000 1214.000000 2747.000000
MALIGNANT 894.000000 2667.000000 1154.000000 2927.000000
MALIGNANT 1107.000000 2667.000000 1367.000000 2927.000000
MALIGNANT 1187.000000 2480.000000 1447.000000 2740.000000
MALIGNANT 1240.000000 2774.000000 1500.000000 3034.000000
MALIGNANT 1467.000000 2874.000000 1727.000000 3134.000000
MALIGNANT 1594.000000 2840.000000 1854.000000 3100.000000
MALIGNANT 1540.000000 2740.000000 1800.000000 3000.000000
MALIGNANT 1420.000000 2634.000000 1680.000000 2894.000000
MALIGNANT 760.000000 2507.000000 1020.000000 2767.000000
MALIGNANT 980.000000 2580.000000 1240.000000 2840.000000
MALIGNANT 1220.000000 2667.000000 1480.000000 2927.000000
MALIGNANT 1534.000000 2800.000000 1794.000000 3060.000000
MALIGNANT 1380.000000 2674.000000 1640.000000 2934.000000
MALIGNANT 1127.000000 2620.000000 1387.000000 2880.000000
