MALIGNANT 2880.000000 2420.000000 3140.000000 2680.000000
MALIGNANT 2714.000000 2507.000000 2974.000000 2767.000000
MALIGNANT 2560.000000 2574.000000 2820.000000 2834.000000
MALIGNANT 2600.000000 2774.000000 2860.000000 3034.000000
MALIGNANT 2694.000000 2874.000000 2954.000000 3134.000000
MALIGNANT 2774.000000 2987.000000 3034.000000 3247.000000
MALIGNANT 2954.000000 2934.000000 3214.000000 3194.000000
MALIGNANT 3067.000000 2827.000000 3327.000000 3087.000000
MALIGNANT 3000.000000 2447.000000 3260.000000 2707.000000
MALIGNANT 3060.000000 2600.000000 3320.000000 2860.000000
MALIGNANT 2847.000000 2687.000000 3107.000000 2947.000000
MALIGNANT 2734.000000 2794.000000 2994.000000 3054.000000
MALIGNANT 2974.000000 2527.000000 3234.000000 2787.000000
