MALIGNANT 800.000000 1200.000000 1060.000000 1460.000000
MALIGNANT 1034.000000 1234.000000 1294.000000 1494.000000
MALIGNANT 1194.000000 1340.000000 1454.000000 1600.000000
MALIGNANT 1294.000000 1540.000000 1554.000000 1800.000000
MALIGNANT 1260.000000 1734.000000 1520.000000 1994.000000
MALIGNANT 1100.000000 1880.000000 1360.000000 2140.000000
MALIGNANT 874.000000 1894.000000 1134.000000 2154.000000
MALIGNANT 694.000000 1834.000000 954.000000 2094.000000
MALIGNANT 600.000000 1654.000000 860.000000 1914.000000
MALIGNANT 547.000000 1467.000000 807.000000 1727.000000
MALIGNANT 600.000000 1280.000000 860.000000 1540.000000
MALIGNANT 827.000000 1467.000000 1087.000000 1727.000000
MALIGNANT 967.000000 1674.000000 1227.000000 1934.000000
MALIGNANT 767.000000 1680.000000 1027.000000 1940.000000
MALIGNANT 1114.000000 1600.000000 1374.000000 1860.000000
MALIGNANT 1060.000000 1434.000000 1320.000000 1694.000000
MALIGNANT 827.000000 1280.000000 1087.000000 1540.000000
MALIGNANT 674.000000 1327.000000 934.000000 1587.000000
MALIGNANT 547.000000 1600.000000 807.000000 1860.000000
MALIGNANT 807.000000 1854.000000 1067.000000 2114.000000
MALIGNANT 1027.000000 1834.000000 1287.000000 2094.000000
MALIGNANT 1207.000000 1694.000000 1467.000000 1954.000000
MALIGNANT 1240.000000 1487.000000 1500.000000 1747.000000
MALIGNANT 1047.000000 1327.000000 1307.000000 1587.000000
MALIGNANT 840.000000 1534.000000 1100.000000 1794.000000
MALIGNANT 687.000000 1514.000000 947.000000 1774.000000
MALIGNANT 1007.000000 1514.000000 1267.000000 1774.000000
MALIGNANT 954.000000 1327.000000 1214.000000 1587.000000
MALIGNANT 1167.000000 1680.000000 1427.000000 1940.000000
MALIGNANT 887.000000 1614.000000 1147.000000 1874.000000
