MALIGNANT 2127.000000 1694.000000 2387.000000 1954.000000
MALIGNANT 1900.000000 1714.000000 2160.000000 1974.000000
MALIGNANT 1694.000000 1727.000000 1954.000000 1987.000000
MALIGNANT 1554.000000 1707.000000 1814.000000 1967.000000
MALIGNANT 1434.000000 1647.000000 1694.000000 1907.000000
MALIGNANT 1280.000000 1600.000000 1540.000000 1860.000000
MALIGNANT 1294.000000 1474.000000 1554.000000 1734.000000
MALIGNANT 1340.000000 1367.000000 1600.000000 1627.000000
MALIGNANT 2227.000000 960.000000 2487.000000 1220.000000
MALIGNANT 2154.000000 1280.000000 2414.000000 1540.000000
MALIGNANT 2074.000000 1420.000000 2334.000000 1680.000000
MALIGNANT 1894.000000 1547.000000 2154.000000 1807.000000
MALIGNANT 1627.000000 1554.000000 1887.000000 1814.000000
MALIGNANT 1494.000000 1387.000000 1754.000000 1647.000000
MALIGNANT 1587.000000 1160.000000 1847.000000 1420.000000
MALIGNANT 1767.000000 1334.000000 2027.000000 1594.000000
MALIGNANT 1920.000000 1247.000000 2180.000000 1507.000000
MALIGNANT 1780.000000 1087.000000 2040.000000 1347.000000
MALIGNANT 2014.000000 1027.000000 2274.000000 1287.000000
MALIGNANT 1994.000000 1620.000000 2254.000000 1880.000000
MALIGNANT 2314.000000 840.000000 2574.000000 1100.000000
MALIGNANT 2320.000000 1074.000000 2580.000000 1334.000000
MALIGNANT 2307.000000 1300.000000 2567.000000 1560.000000
MALIGNANT 2267.000000 1420.000000 2527.000000 1680.000000
MALIGNANT 2287.000000 1614.000000 2547.000000 1874.000000
MALIGNANT 2287.000000 1714.000000 2547.000000 1974.000000
MALIGNANT 2167.000000 1234.000000 2427.000000 1494.000000
MALIGNANT 1960.000000 1254.000000 2220.000000 1514.000000
MALIGNANT 1834.000000 1440.000000 2094.000000 1700.000000
MALIGNANT 1640.000000 1460.000000 1900.000000 1720.000000
MALIGNANT 1520.000000 1280.000000 1780.000000 1540.000000
MALIGNANT 1880.000000 1127.000000 2140.000000 1387.000000
MALIGNANT 2180.000000 894.000000 2440.000000 1154.000000
MALIGNANT 2294.000000 900.000000 2554.000000 1160.000000
MALIGNANT 2287.000000 1187.000000 2547.000000 1447.000000
MALIGNANT 2234.000000 1600.000000 2494.000000 1860.000000
MALIGNANT 1574.000000 1620.000000 1834.000000 1880.000000
