MALIGNANT 1607.000000 1400.000000 1867.000000 1660.000000
MALIGNANT 1400.000000 1434.000000 1660.000000 1694.000000
MALIGNANT 1267.000000 1580.000000 1527.000000 1840.000000
MALIGNANT 1160.000000 1774.000000 1420.000000 2034.000000
MALIGNANT 1080.000000 1994.000000 1340.000000 2254.000000
MALIGNANT 1007.000000 2100.000000 1267.000000 2360.000000
MALIGNANT 1200.000000 2187.000000 1460.000000 2447.000000
MALIGNANT 1307.000000 1967.000000 1567.000000 2227.000000
MALIGNANT 1400.000000 1774.000000 1660.000000 2034.000000
MALIGNANT 1487.000000 1607.000000 1747.000000 1867.000000
MALIGNANT 1754.000000 1440.000000 2014.000000 1700.000000
MALIGNANT 1794.000000 1567.000000 2054.000000 1827.000000
MALIGNANT 1787.000000 1847.000000 2047.000000 2107.000000
MALIGNANT 1660.000000 1700.000000 1920.000000 1960.000000
MALIGNANT 1780.000000 2034.000000 2040.000000 2294.000000
MALIGNANT 1747.000000 2260.000000 2007.000000 2520.000000
MALIGNANT 1567.000000 2240.000000 1827.000000 2500.000000
MALIGNANT 1420.000000 2147.000000 1680.000000 2407.000000
MALIGNANT 1594.000000 1867.000000 1854.000000 2127.000000
MALIGNANT 1554.000000 2020.000000 1814.000000 2280.000000
MALIGNANT 1587.000000 1487.000000 1847.000000 1747.000000
MALIGNANT 1440.000000 1747.000000 1700.000000 2007.000000
MALIGNANT 1140.000000 2074.000000 1400.000000 2334.000000
