MALIGNANT 27.000000 1067.000000 287.000000 1327.000000
MALIGNANT 180.000000 960.000000 440.000000 1220.000000
MALIGNANT 347.000000 974.000000 607.000000 1234.000000
MALIGNANT 560.000000 994.000000 820.000000 1254.000000
MALIGNANT 727.000000 1020.000000 987.000000 1280.000000
MALIGNANT 847.000000 1147.000000 1107.000000 1407.000000
MALIGNANT 40.000000 1187.000000 300.000000 1447.000000
MALIGNANT 247.000000 1194.000000 507.000000 1454.000000
MALIGNANT 507.000000 1167.000000 767.000000 1427.000000
MALIGNANT 687.000000 1227.000000 947.000000 1487.000000
MALIGNANT 780.000000 1300.000000 1040.000000 1560.000000
MALIGNANT 547.000000 1354.000000 807.000000 1614.000000
MALIGNANT 314.000000 1334.000000 574.000000 1594.000000
MALIGNANT 174.000000 1314.000000 434.000000 1574.000000
