MALIGNANT 2420.000000 1240.000000 2680.000000 1500.000000
MALIGNANT 2280.000000 1254.000000 2540.000000 1514.000000
MALIGNANT 2147.000000 1294.000000 2407.000000 1554.000000
MALIGNANT 2067.000000 1367.000000 2327.000000 1627.000000
MALIGNANT 2000.000000 1454.000000 2260.000000 1714.000000
MALIGNANT 2007.000000 1607.000000 2267.000000 1867.000000
MALIGNANT 2180.000000 1694.000000 2440.000000 1954.000000
MALIGNANT 2380.000000 1774.000000 2640.000000 2034.000000
MALIGNANT 2520.000000 1760.000000 2780.000000 2020.000000
MALIGNANT 2687.000000 1674.000000 2947.000000 1934.000000
MALIGNANT 2787.000000 1607.000000 3047.000000 1867.000000
MALIGNANT 2834.000000 1527.000000 3094.000000 1787.000000
MALIGNANT 2614.000000 1274.000000 2874.000000 1534.000000
MALIGNANT 2800.000000 1374.000000 3060.000000 1634.000000
MALIGNANT 2627.000000 1507.000000 2887.000000 1767.000000
MALIGNANT 2420.000000 1447.000000 2680.000000 1707.000000
MALIGNANT 2220.000000 1487.000000 2480.000000 1747.000000
MALIGNANT 2407.000000 1587.000000 2667.000000 1847.000000
