MALIGNANT 2107.000000 2634.000000 2367.000000 2894.000000
MALIGNANT 2334.000000 2600.000000 2594.000000 2860.000000
MALIGNANT 2440.000000 2634.000000 2700.000000 2894.000000
MALIGNANT 2527.000000 2734.000000 2787.000000 2994.000000
MALIGNANT 2567.000000 2947.000000 2827.000000 3207.000000
MALIGNANT 1980.000000 2720.000000 2240.000000 2980.000000
MALIGNANT 1807.000000 2787.000000 2067.000000 3047.000000
MALIGNANT 1714.000000 2887.000000 1974.000000 3147.000000
MALIGNANT 1594.000000 2980.000000 1854.000000 3240.000000
MALIGNANT 1614.000000 3187.000000 1874.000000 3447.000000
MALIGNANT 1687.000000 3327.000000 1947.000000 3587.000000
MALIGNANT 1834.000000 3420.000000 2094.000000 3680.000000
MALIGNANT 2054.000000 3474.000000 2314.000000 3734.000000
MALIGNANT 2240.000000 3400.000000 2500.000000 3660.000000
MALIGNANT 2394.000000 3320.000000 2654.000000 3580.000000
MALIGNANT 2494.000000 3194.000000 2754.000000 3454.000000
MALIGNANT 2534.000000 3100.000000 2794.000000 3360.000000
MALIGNANT 2080.000000 2820.000000 2340.000000 3080.000000
MALIGNANT 1794.000000 3100.000000 2054.000000 3360.000000
MALIGNANT 1914.000000 2967.000000 2174.000000 3227.000000
MALIGNANT 2214.000000 2827.000000 2474.000000 3087.000000
MALIGNANT 2327.000000 2900.000000 2587.000000 3160.000000
MALIGNANT 2287.000000 3127.000000 2547.000000 3387.000000
MALIGNANT 2094.000000 3047.000000 2354.000000 3307.000000
MALIGNANT 1934.000000 3254.000000 2194.000000 3514.000000
MALIGNANT 2087.000000 3227.000000 2347.000000 3487.000000
MALIGNANT 1914.000000 3107.000000 2174.000000 3367.000000
