MALIGNANT 507.000000 1600.000000 767.000000 1860.000000
MALIGNANT 727.000000 1600.000000 987.000000 1860.000000
MALIGNANT 947.000000 1587.000000 1207.000000 1847.000000
MALIGNANT 1154.000000 1607.000000 1414.000000 1867.000000
MALIGNANT 1300.000000 1640.000000 1560.000000 1900.000000
MALIGNANT 1447.000000 1734.000000 1707.000000 1994.000000
MALIGNANT 1547.000000 1827.000000 1807.000000 2087.000000
MALIGNANT 1574.000000 1974.000000 1834.000000 2234.000000
MALIGNANT 454.000000 1734.000000 714.000000 1994.000000
MALIGNANT 394.000000 1854.000000 654.000000 2114.000000
MALIGNANT 414.000000 2047.000000 674.000000 2307.000000
MALIGNANT 487.000000 2220.000000 747.000000 2480.000000
MALIGNANT 560.000000 2380.000000 820.000000 2640.000000
MALIGNANT 727.000000 2540.000000 987.000000 2800.000000
MALIGNANT 920.000000 2607.000000 1180.000000 2867.000000
MALIGNANT 1127.000000 2634.000000 1387.000000 2894.000000
MALIGNANT 1340.000000 2574.000000 1600.000000 2834.000000
MALIGNANT 1467.000000 2394.000000 1727.000000 2654.000000
MALIGNANT 1567.000000 2154.000000 1827.000000 2414.000000
MALIGNANT 694.000000 1780.000000 954.000000 2040.000000
MALIGNANT 934.000000 1787.000000 1194.000000 2047.000000
MALIGNANT 1140.000000 1820.000000 1400.000000 2080.000000
MALIGNANT 1347.000000 1867.000000 1607.000000 2127.000000
MALIGNANT 567.000000 1994.000000 827.000000 2254.000000
MALIGNANT 820.000000 2000.000000 1080.000000 2260.000000
MALIGNANT 1054.000000 1987.000000 1314.000000 2247.000000
MALIGNANT 1240.000000 2034.000000 1500.000000 2294.000000
MALIGNANT 1407.000000 2087.000000 1667.000000 2347.000000
MALIGNANT 1347.000000 2280.000000 1607.000000 2540.000000
MALIGNANT 734.000000 2227.000000 994.000000 2487.000000
MALIGNANT 947.000000 2154.000000 1207.000000 2414.000000
MALIGNANT 1147.000000 2214.000000 1407.000000 2474.000000
MALIGNANT 807.000000 2407.000000 1067.000000 2667.000000
MALIGNANT 1020.000000 2380.000000 1280.000000 2640.000000
MALIGNANT 1134.000000 2420.000000 1394.000000 2680.000000
MALIGNANT 700.000000 2087.000000 960.000000 2347.000000
