MALIGNANT 640.000000 2274.000000 900.000000 2534.000000
MALIGNANT 434.000000 1994.000000 694.000000 2254.000000
MALIGNANT 320.000000 2060.000000 580.000000 2320.000000
MALIGNANT 240.000000 2167.000000 500.000000 2427.000000
MALIGNANT 287.000000 2314.000000 547.000000 2574.000000
MALIGNANT 474.000000 2307.000000 734.000000 2567.000000
MALIGNANT 574.000000 2034.000000 834.000000 2294.000000
MALIGNANT 700.000000 2094.000000 960.000000 2354.000000
MALIGNANT 747.000000 2207.000000 1007.000000 2467.000000
MALIGNANT 434.000000 2174.000000 694.000000 2434.000000
