MALIGNANT 2674.000000 2974.000000 2934.000000 3234.000000
MALIGNANT 2427.000000 2980.000000 2687.000000 3240.000000
MALIGNANT 2220.000000 3020.000000 2480.000000 3280.000000
MALIGNANT 2034.000000 3047.000000 2294.000000 3307.000000
MALIGNANT 1847.000000 3120.000000 2107.000000 3380.000000
MALIGNANT 1660.000000 3194.000000 1920.000000 3454.000000
MALIGNANT 1434.000000 3267.000000 1694.000000 3527.000000
MALIGNANT 1227.000000 3347.000000 1487.000000 3607.000000
MALIGNANT 1054.000000 3454.000000 1314.000000 3714.000000
MALIGNANT 960.000000 3607.000000 1220.000000 3867.000000
MALIGNANT 914.000000 3814.000000 1174.000000 4074.000000
MALIGNANT 920.000000 4034.000000 1180.000000 4294.000000
MALIGNANT 980.000000 4160.000000 1240.000000 4420.000000
MALIGNANT 1167.000000 4274.000000 1427.000000 4534.000000
MALIGNANT 1367.000000 4367.000000 1627.000000 4627.000000
MALIGNANT 1607.000000 4460.000000 1867.000000 4720.000000
MALIGNANT 1827.000000 4514.000000 2087.000000 4774.000000
MALIGNANT 2080.000000 4507.000000 2340.000000 4767.000000
MALIGNANT 2307.000000 4440.000000 2567.000000 4700.000000
MALIGNANT 2480.000000 4340.000000 2740.000000 4600.000000
MALIGNANT 1260.000000 3594.000000 1520.000000 3854.000000
MALIGNANT 1100.000000 3720.000000 1360.000000 3980.000000
MALIGNANT 1160.000000 3934.000000 1420.000000 4194.000000
MALIGNANT 1187.000000 4107.000000 1447.000000 4367.000000
MALIGNANT 1487.000000 4194.000000 1747.000000 4454.000000
MALIGNANT 1320.000000 4174.000000 1580.000000 4434.000000
MALIGNANT 1420.000000 3974.000000 1680.000000 4234.000000
MALIGNANT 1294.000000 3814.000000 1554.000000 4074.000000
MALIGNANT 1407.000000 3494.000000 1667.000000 3754.000000
MALIGNANT 1647.000000 3367.000000 1907.000000 3627.000000
MALIGNANT 1854.000000 3307.000000 2114.000000 3567.000000
MALIGNANT 2047.000000 3240.000000 2307.000000 3500.000000
MALIGNANT 2780.000000 3114.000000 3040.000000 3374.000000
MALIGNANT 2880.000000 3340.000000 3140.000000 3600.000000
MALIGNANT 2920.000000 3560.000000 3180.000000 3820.000000
MALIGNANT 2934.000000 3800.000000 3194.000000 4060.000000
MALIGNANT 2914.000000 4007.000000 3174.000000 4267.000000
MALIGNANT 2820.000000 4167.000000 3080.000000 4427.000000
MALIGNANT 2627.000000 4334.000000 2887.000000 4594.000000
MALIGNANT 2727.000000 3940.000000 2987.000000 4200.000000
MALIGNANT 2720.000000 3767.000000 2980.000000 4027.000000
MALIGNANT 2707.000000 3547.000000 2967.000000 3807.000000
MALIGNANT 2654.000000 3354.000000 2914.000000 3614.000000
MALIGNANT 2560.000000 3194.000000 2820.000000 3454.000000
MALIGNANT 2347.000000 3167.000000 2607.000000 3427.000000
MALIGNANT 2140.000000 3280.000000 2400.000000 3540.000000
MALIGNANT 2534.000000 3460.000000 2794.000000 3720.000000
MALIGNANT 2307.000000 3394.000000 2567.000000 3654.000000
MALIGNANT 1600.000000 3600.000000 1860.000000 3860.000000
MALIGNANT 1807.000000 3520.000000 2067.000000 3780.000000
MALIGNANT 2047.000000 3460.000000 2307.000000 3720.000000
MALIGNANT 2394.000000 3534.000000 2654.000000 3794.000000
MALIGNANT 2140.000000 3607.000000 2400.000000 3867.000000
MALIGNANT 1934.000000 3654.000000 2194.000000 3914.000000
MALIGNANT 1740.000000 3767.000000 2000.000000 4027.000000
MALIGNANT 1454.000000 3700.000000 1714.000000 3960.000000
MALIGNANT 1534.000000 3840.000000 1794.000000 4100.000000
MALIGNANT 1594.000000 4040.000000 1854.000000 4300.000000
MALIGNANT 1780.000000 3927.000000 2040.000000 4187.000000
MALIGNANT 1987.000000 3847.000000 2247.000000 4107.000000
MALIGNANT 2187.000000 3780.000000 2447.000000 4040.000000
MALIGNANT 2414.000000 3734.000000 2674.000000 3994.000000
MALIGNANT 2574.000000 3707.000000 2834.000000 3967.000000
MALIGNANT 2574.000000 3920.000000 2834.000000 4180.000000
MALIGNANT 2627.000000 4134.000000 2887.000000 4394.000000
MALIGNANT 2414.000000 4187.000000 2674.000000 4447.000000
MALIGNANT 2194.000000 4307.000000 2454.000000 4567.000000
MALIGNANT 1967.000000 4420.000000 2227.000000 4680.000000
MALIGNANT 1740.000000 4387.000000 2000.000000 4647.000000
MALIGNANT 1614.000000 4214.000000 1874.000000 4474.000000
MALIGNANT 1774.000000 4060.000000 2034.000000 4320.000000
MALIGNANT 1840.000000 4260.000000 2100.000000 4520.000000
MALIGNANT 2080.000000 4234.000000 2340.000000 4494.000000
MALIGNANT 1940.000000 4074.000000 2200.000000 4334.000000
MALIGNANT 2134.000000 3927.000000 2394.000000 4187.000000
MALIGNANT 2340.000000 3894.000000 2600.000000 4154.000000
MALIGNANT 2220.000000 4120.000000 2480.000000 4380.000000
MALIGNANT 2380.000000 4040.000000 2640.000000 4300.000000
