MALIGNANT 1074.000000 2027.000000 1334.000000 2287.000000
MALIGNANT 880.000000 2054.000000 1140.000000 2314.000000
MALIGNANT 760.000000 2127.000000 1020.000000 2387.000000
MALIGNANT 700.000000 2300.000000 960.000000 2560.000000
MALIGNANT 760.000000 2467.000000 1020.000000 2727.000000
MALIGNANT 980.000000 2487.000000 1240.000000 2747.000000
MALIGNANT 900.000000 2254.000000 1160.000000 2514.000000
MALIGNANT 1174.000000 2060.000000 1434.000000 2320.000000
MALIGNANT 1254.000000 2187.000000 1514.000000 2447.000000
MALIGNANT 1094.000000 2254.000000 1354.000000 2514.000000
MALIGNANT 1207.000000 2374.000000 1467.000000 2634.000000
