MALIGNANT 694.000000 2367.000000 954.000000 2627.000000
MALIGNANT 914.000000 2367.000000 1174.000000 2627.000000
MALIGNANT 1040.000000 2394.000000 1300.000000 2654.000000
MALIGNANT 654.000000 2580.000000 914.000000 2840.000000
MALIGNANT 667.000000 2774.000000 927.000000 3034.000000
MALIGNANT 700.000000 2947.000000 960.000000 3207.000000
MALIGNANT 847.000000 3074.000000 1107.000000 3334.000000
MALIGNANT 1040.000000 3074.000000 1300.000000 3334.000000
MALIGNANT 1167.000000 3040.000000 1427.000000 3300.000000
MALIGNANT 1287.000000 2920.000000 1547.000000 3180.000000
MALIGNANT 1380.000000 2760.000000 1640.000000 3020.000000
MALIGNANT 1360.000000 2607.000000 1620.000000 2867.000000
MALIGNANT 1214.000000 2500.000000 1474.000000 2760.000000
MALIGNANT 854.000000 2540.000000 1114.000000 2800.000000
MALIGNANT 880.000000 2874.000000 1140.000000 3134.000000
MALIGNANT 894.000000 2720.000000 1154.000000 2980.000000
MALIGNANT 1074.000000 2614.000000 1334.000000 2874.000000
MALIGNANT 1114.000000 2807.000000 1374.000000 3067.000000
