GOOD 1020.000000 1874.000000 1280.000000 2134.000000
GOOD 700.000000 2247.000000 960.000000 2507.000000
GOOD 447.000000 3507.000000 707.000000 3767.000000
GOOD 894.000000 3040.000000 1154.000000 3300.000000
GOOD 160.000000 3680.000000 420.000000 3940.000000
GOOD 820.000000 1387.000000 1080.000000 1647.000000
GOOD 980.000000 1567.000000 1240.000000 1827.000000
GOOD 940.000000 2114.000000 1200.000000 2374.000000
GOOD 920.000000 2440.000000 1180.000000 2700.000000
GOOD 820.000000 2754.000000 1080.000000 3014.000000
GOOD 820.000000 2754.000000 1080.000000 3014.000000
GOOD 160.000000 2794.000000 420.000000 3054.000000
GOOD 394.000000 2967.000000 654.000000 3227.000000
GOOD 394.000000 2967.000000 654.000000 3227.000000
GOOD 454.000000 2480.000000 714.000000 2740.000000
GOOD 454.000000 2480.000000 714.000000 2740.000000
GOOD 527.000000 3027.000000 787.000000 3287.000000
GOOD 120.000000 2167.000000 380.000000 2427.000000
GOOD 434.000000 2094.000000 694.000000 2354.000000
GOOD 627.000000 1874.000000 887.000000 2134.000000
GOOD 627.000000 1660.000000 887.000000 1920.000000
GOOD 220.000000 1740.000000 480.000000 2000.000000
GOOD 100.000000 3127.000000 360.000000 3387.000000
GOOD 587.000000 3300.000000 847.000000 3560.000000
GOOD 200.000000 3340.000000 460.000000 3600.000000
GOOD 160.000000 2540.000000 420.000000 2800.000000
GOOD 607.000000 1060.000000 867.000000 1320.000000
GOOD 234.000000 840.000000 494.000000 1100.000000
GOOD 487.000000 1407.000000 747.000000 1667.000000
