GOOD 1660.000000 1467.000000 1920.000000 1727.000000
GOOD 1840.000000 2067.000000 2100.000000 2327.000000
GOOD 1380.000000 1994.000000 1640.000000 2254.000000
GOOD 1900.000000 2514.000000 2160.000000 2774.000000
GOOD 1967.000000 2960.000000 2227.000000 3220.000000
GOOD 1967.000000 2960.000000 2227.000000 3220.000000
GOOD 2380.000000 2160.000000 2640.000000 2420.000000
GOOD 2287.000000 1547.000000 2547.000000 1807.000000
GOOD 2287.000000 1547.000000 2547.000000 1807.000000
GOOD 2334.000000 2654.000000 2594.000000 2914.000000
GOOD 2320.000000 3007.000000 2580.000000 3267.000000
GOOD 2440.000000 3374.000000 2700.000000 3634.000000
GOOD 1414.000000 2454.000000 1674.000000 2714.000000
GOOD 2014.000000 1287.000000 2274.000000 1547.000000
