GOOD 2294.000000 3127.000000 2554.000000 3387.000000
GOOD 1847.000000 3000.000000 2107.000000 3260.000000
GOOD 1847.000000 3000.000000 2107.000000 3260.000000
GOOD 1507.000000 2954.000000 1767.000000 3214.000000
GOOD 1360.000000 2560.000000 1620.000000 2820.000000
GOOD 1700.000000 2634.000000 1960.000000 2894.000000
GOOD 2047.000000 2634.000000 2307.000000 2894.000000
GOOD 2140.000000 2240.000000 2400.000000 2500.000000
GOOD 1800.000000 2167.000000 2060.000000 2427.000000
GOOD 1360.000000 2167.000000 1620.000000 2427.000000
GOOD 1040.000000 1967.000000 1300.000000 2227.000000
GOOD 1260.000000 1700.000000 1520.000000 1960.000000
GOOD 1754.000000 1747.000000 2014.000000 2007.000000
GOOD 2240.000000 1747.000000 2500.000000 2007.000000
GOOD 1360.000000 1254.000000 1620.000000 1514.000000
GOOD 1994.000000 1354.000000 2254.000000 1614.000000
