GOOD 1347.000000 4580.000000 1607.000000 4840.000000
GOOD 2827.000000 4240.000000 3087.000000 4500.000000
GOOD 3107.000000 3274.000000 3367.000000 3534.000000
GOOD 3080.000000 2334.000000 3340.000000 2594.000000
GOOD 2487.000000 2847.000000 2747.000000 3107.000000
GOOD 1947.000000 3527.000000 2207.000000 3787.000000
GOOD 1947.000000 3527.000000 2207.000000 3787.000000
GOOD 2087.000000 4180.000000 2347.000000 4440.000000
GOOD 2540.000000 3700.000000 2800.000000 3960.000000
GOOD 1687.000000 2734.000000 1947.000000 2994.000000
GOOD 1687.000000 2734.000000 1947.000000 2994.000000
GOOD 1494.000000 3414.000000 1754.000000 3674.000000
GOOD 1494.000000 3414.000000 1754.000000 3674.000000
GOOD 1320.000000 4067.000000 1580.000000 4327.000000
GOOD 2400.000000 1767.000000 2660.000000 2027.000000
GOOD 2454.000000 2447.000000 2714.000000 2707.000000
GOOD 2034.000000 2420.000000 2294.000000 2680.000000
GOOD 2940.000000 1567.000000 3200.000000 1827.000000
GOOD 3394.000000 1174.000000 3654.000000 1434.000000
GOOD 3394.000000 1174.000000 3654.000000 1434.000000
GOOD 3054.000000 2787.000000 3314.000000 3047.000000
GOOD 3334.000000 1880.000000 3594.000000 2140.000000
GOOD 2060.000000 2907.000000 2320.000000 3167.000000
GOOD 2514.000000 3300.000000 2774.000000 3560.000000
GOOD 1687.000000 3927.000000 1947.000000 4187.000000
GOOD 1687.000000 3134.000000 1947.000000 3394.000000
GOOD 2940.000000 3640.000000 3200.000000 3900.000000
GOOD 1800.000000 4607.000000 2060.000000 4867.000000
GOOD 2314.000000 4494.000000 2574.000000 4754.000000
GOOD 2880.000000 1940.000000 3140.000000 2200.000000
GOOD 1800.000000 5007.000000 2060.000000 5267.000000
GOOD 2914.000000 4634.000000 3174.000000 4894.000000
GOOD 3454.000000 4140.000000 3714.000000 4400.000000
