MALIGNANT 1440.000000 2400.000000 1700.000000 2660.000000
MALIGNANT 1567.000000 2334.000000 1827.000000 2594.000000
MALIGNANT 1694.000000 2254.000000 1954.000000 2514.000000
MALIGNANT 1794.000000 2167.000000 2054.000000 2427.000000
MALIGNANT 1880.000000 2100.000000 2140.000000 2360.000000
MALIGNANT 1994.000000 2000.000000 2254.000000 2260.000000
MALIGNANT 2040.000000 1907.000000 2300.000000 2167.000000
MALIGNANT 2127.000000 1847.000000 2387.000000 2107.000000
MALIGNANT 2340.000000 1834.000000 2600.000000 2094.000000
MALIGNANT 2487.000000 1874.000000 2747.000000 2134.000000
MALIGNANT 2560.000000 1980.000000 2820.000000 2240.000000
MALIGNANT 2527.000000 2127.000000 2787.000000 2387.000000
MALIGNANT 2427.000000 2194.000000 2687.000000 2454.000000
MALIGNANT 1474.000000 2594.000000 1734.000000 2854.000000
MALIGNANT 1574.000000 2734.000000 1834.000000 2994.000000
MALIGNANT 1687.000000 2860.000000 1947.000000 3120.000000
MALIGNANT 1867.000000 2814.000000 2127.000000 3074.000000
MALIGNANT 2027.000000 2714.000000 2287.000000 2974.000000
MALIGNANT 2154.000000 2534.000000 2414.000000 2794.000000
MALIGNANT 2274.000000 2360.000000 2534.000000 2620.000000
MALIGNANT 2374.000000 2274.000000 2634.000000 2534.000000
MALIGNANT 2314.000000 2020.000000 2574.000000 2280.000000
MALIGNANT 2114.000000 2167.000000 2374.000000 2427.000000
MALIGNANT 1994.000000 2360.000000 2254.000000 2620.000000
MALIGNANT 1794.000000 2367.000000 2054.000000 2627.000000
MALIGNANT 2007.000000 2587.000000 2267.000000 2847.000000
MALIGNANT 1840.000000 2547.000000 2100.000000 2807.000000
MALIGNANT 1667.000000 2554.000000 1927.000000 2814.000000
MALIGNANT 1947.000000 2360.000000 2207.000000 2620.000000
MALIGNANT 1620.000000 2440.000000 1880.000000 2700.000000
MALIGNANT 2054.000000 2140.000000 2314.000000 2400.000000
MALIGNANT 2200.000000 1867.000000 2460.000000 2127.000000
