GOOD 447.000000 2347.000000 707.000000 2607.000000
GOOD 427.000000 1547.000000 687.000000 1807.000000
GOOD 974.000000 1280.000000 1234.000000 1540.000000
GOOD 1507.000000 1187.000000 1767.000000 1447.000000
GOOD 427.000000 907.000000 687.000000 1167.000000
GOOD 1040.000000 1820.000000 1300.000000 2080.000000
GOOD 2200.000000 2147.000000 2460.000000 2407.000000
GOOD 1427.000000 2307.000000 1687.000000 2567.000000
GOOD 1374.000000 3287.000000 1634.000000 3547.000000
GOOD 1734.000000 2974.000000 1994.000000 3234.000000
GOOD 434.000000 3254.000000 694.000000 3514.000000
GOOD 527.000000 2800.000000 787.000000 3060.000000
GOOD 2180.000000 947.000000 2440.000000 1207.000000
