GOOD 1660.000000 1940.000000 1920.000000 2200.000000
GOOD 1980.000000 1874.000000 2240.000000 2134.000000
GOOD 2120.000000 1540.000000 2380.000000 1800.000000
GOOD 1920.000000 1214.000000 2180.000000 1474.000000
GOOD 1587.000000 1147.000000 1847.000000 1407.000000
GOOD 1307.000000 1360.000000 1567.000000 1620.000000
GOOD 1294.000000 1660.000000 1554.000000 1920.000000
GOOD 1327.000000 1987.000000 1587.000000 2247.000000
GOOD 1034.000000 1907.000000 1294.000000 2167.000000
GOOD 987.000000 2154.000000 1247.000000 2414.000000
GOOD 994.000000 2487.000000 1254.000000 2747.000000
GOOD 1307.000000 2867.000000 1567.000000 3127.000000
GOOD 1467.000000 3087.000000 1727.000000 3347.000000
GOOD 1700.000000 3387.000000 1960.000000 3647.000000
GOOD 1927.000000 3534.000000 2187.000000 3794.000000
GOOD 2214.000000 3620.000000 2474.000000 3880.000000
GOOD 2240.000000 3354.000000 2500.000000 3614.000000
GOOD 2254.000000 3047.000000 2514.000000 3307.000000
GOOD 2274.000000 2687.000000 2534.000000 2947.000000
GOOD 2227.000000 2400.000000 2487.000000 2660.000000
GOOD 2280.000000 2080.000000 2540.000000 2340.000000
GOOD 2320.000000 1747.000000 2580.000000 2007.000000
GOOD 2280.000000 1240.000000 2540.000000 1500.000000
GOOD 2320.000000 967.000000 2580.000000 1227.000000
GOOD 2287.000000 707.000000 2547.000000 967.000000
GOOD 2280.000000 420.000000 2540.000000 680.000000
GOOD 2267.000000 100.000000 2527.000000 360.000000
GOOD 1987.000000 200.000000 2247.000000 460.000000
GOOD 1754.000000 394.000000 2014.000000 654.000000
GOOD 1514.000000 667.000000 1774.000000 927.000000
GOOD 1300.000000 1014.000000 1560.000000 1274.000000
GOOD 1034.000000 1514.000000 1294.000000 1774.000000
GOOD 1767.000000 940.000000 2027.000000 1200.000000
GOOD 1887.000000 707.000000 2147.000000 967.000000
GOOD 2107.000000 940.000000 2367.000000 1200.000000
GOOD 1974.000000 2127.000000 2234.000000 2387.000000
GOOD 1880.000000 2420.000000 2140.000000 2680.000000
GOOD 2007.000000 2714.000000 2267.000000 2974.000000
GOOD 1934.000000 2974.000000 2194.000000 3234.000000
GOOD 1934.000000 3260.000000 2194.000000 3520.000000
GOOD 1647.000000 2807.000000 1907.000000 3067.000000
GOOD 1554.000000 2467.000000 1814.000000 2727.000000
GOOD 1307.000000 2514.000000 1567.000000 2774.000000
GOOD 1320.000000 2247.000000 1580.000000 2507.000000
GOOD 1580.000000 2214.000000 1840.000000 2474.000000
