MALIGNANT 1194.000000 2387.000000 1454.000000 2647.000000
MALIGNANT 1367.000000 2440.000000 1627.000000 2700.000000
MALIGNANT 1327.000000 2534.000000 1587.000000 2794.000000
MALIGNANT 1494.000000 2667.000000 1754.000000 2927.000000
MALIGNANT 1627.000000 2787.000000 1887.000000 3047.000000
MALIGNANT 1607.000000 2480.000000 1867.000000 2740.000000
MALIGNANT 1780.000000 2614.000000 2040.000000 2874.000000
MALIGNANT 1974.000000 2547.000000 2234.000000 2807.000000
MALIGNANT 2200.000000 2520.000000 2460.000000 2780.000000
MALIGNANT 2340.000000 2594.000000 2600.000000 2854.000000
MALIGNANT 1774.000000 2800.000000 2034.000000 3060.000000
MALIGNANT 1774.000000 2800.000000 2034.000000 3060.000000
MALIGNANT 1480.000000 2560.000000 1740.000000 2820.000000
