MALIGNANT 47.000000 1874.000000 307.000000 2134.000000
MALIGNANT 207.000000 1840.000000 467.000000 2100.000000
MALIGNANT 387.000000 1860.000000 647.000000 2120.000000
MALIGNANT 454.000000 1994.000000 714.000000 2254.000000
MALIGNANT 460.000000 2227.000000 720.000000 2487.000000
MALIGNANT 67.000000 2114.000000 327.000000 2374.000000
MALIGNANT 54.000000 2354.000000 314.000000 2614.000000
MALIGNANT 80.000000 2427.000000 340.000000 2687.000000
MALIGNANT 274.000000 2074.000000 534.000000 2334.000000
MALIGNANT 260.000000 2247.000000 520.000000 2507.000000
MALIGNANT 274.000000 2407.000000 534.000000 2667.000000
MALIGNANT 414.000000 2334.000000 674.000000 2594.000000
