MALIGNANT 140.000000 827.000000 400.000000 1087.000000
MALIGNANT 340.000000 840.000000 600.000000 1100.000000
MALIGNANT 534.000000 880.000000 794.000000 1140.000000
MALIGNANT 680.000000 1000.000000 940.000000 1260.000000
MALIGNANT 860.000000 1107.000000 1120.000000 1367.000000
MALIGNANT 1067.000000 1247.000000 1327.000000 1507.000000
MALIGNANT 1174.000000 1440.000000 1434.000000 1700.000000
MALIGNANT 1307.000000 1514.000000 1567.000000 1774.000000
MALIGNANT 1320.000000 1720.000000 1580.000000 1980.000000
MALIGNANT 1320.000000 1960.000000 1580.000000 2220.000000
MALIGNANT 1320.000000 2200.000000 1580.000000 2460.000000
MALIGNANT 1307.000000 2427.000000 1567.000000 2687.000000
MALIGNANT 1160.000000 2634.000000 1420.000000 2894.000000
MALIGNANT 1067.000000 2774.000000 1327.000000 3034.000000
MALIGNANT 954.000000 2947.000000 1214.000000 3207.000000
MALIGNANT 747.000000 2974.000000 1007.000000 3234.000000
MALIGNANT 607.000000 2934.000000 867.000000 3194.000000
MALIGNANT 454.000000 2794.000000 714.000000 3054.000000
MALIGNANT 360.000000 2607.000000 620.000000 2867.000000
MALIGNANT 347.000000 2407.000000 607.000000 2667.000000
MALIGNANT 300.000000 2207.000000 560.000000 2467.000000
MALIGNANT 274.000000 1987.000000 534.000000 2247.000000
MALIGNANT 214.000000 1874.000000 474.000000 2134.000000
MALIGNANT 174.000000 1680.000000 434.000000 1940.000000
MALIGNANT 100.000000 1500.000000 360.000000 1760.000000
MALIGNANT 94.000000 1294.000000 354.000000 1554.000000
MALIGNANT 87.000000 1127.000000 347.000000 1387.000000
MALIGNANT 87.000000 927.000000 347.000000 1187.000000
MALIGNANT 267.000000 1067.000000 527.000000 1327.000000
MALIGNANT 440.000000 1054.000000 700.000000 1314.000000
MALIGNANT 700.000000 1187.000000 960.000000 1447.000000
MALIGNANT 294.000000 1314.000000 554.000000 1574.000000
MALIGNANT 527.000000 1294.000000 787.000000 1554.000000
MALIGNANT 914.000000 1314.000000 1174.000000 1574.000000
MALIGNANT 720.000000 1414.000000 980.000000 1674.000000
MALIGNANT 274.000000 1534.000000 534.000000 1794.000000
MALIGNANT 394.000000 1760.000000 654.000000 2020.000000
MALIGNANT 500.000000 1527.000000 760.000000 1787.000000
MALIGNANT 680.000000 1614.000000 940.000000 1874.000000
MALIGNANT 1180.000000 1740.000000 1440.000000 2000.000000
MALIGNANT 954.000000 1527.000000 1214.000000 1787.000000
MALIGNANT 994.000000 1754.000000 1254.000000 2014.000000
MALIGNANT 820.000000 1827.000000 1080.000000 2087.000000
MALIGNANT 594.000000 1827.000000 854.000000 2087.000000
MALIGNANT 494.000000 1980.000000 754.000000 2240.000000
MALIGNANT 467.000000 2234.000000 727.000000 2494.000000
MALIGNANT 600.000000 2514.000000 860.000000 2774.000000
MALIGNANT 820.000000 2527.000000 1080.000000 2787.000000
MALIGNANT 714.000000 2700.000000 974.000000 2960.000000
MALIGNANT 947.000000 2734.000000 1207.000000 2994.000000
MALIGNANT 1080.000000 2514.000000 1340.000000 2774.000000
MALIGNANT 1087.000000 2300.000000 1347.000000 2560.000000
MALIGNANT 1200.000000 2147.000000 1460.000000 2407.000000
MALIGNANT 1167.000000 1947.000000 1427.000000 2207.000000
MALIGNANT 967.000000 1974.000000 1227.000000 2234.000000
MALIGNANT 960.000000 2180.000000 1220.000000 2440.000000
MALIGNANT 814.000000 2367.000000 1074.000000 2627.000000
MALIGNANT 614.000000 2267.000000 874.000000 2527.000000
MALIGNANT 727.000000 2087.000000 987.000000 2347.000000
