MALIGNANT 1600.000000 3280.000000 1860.000000 3540.000000
MALIGNANT 1380.000000 3360.000000 1640.000000 3620.000000
MALIGNANT 1167.000000 3400.000000 1427.000000 3660.000000
MALIGNANT 1067.000000 3580.000000 1327.000000 3840.000000
MALIGNANT 1080.000000 3834.000000 1340.000000 4094.000000
MALIGNANT 1260.000000 3967.000000 1520.000000 4227.000000
MALIGNANT 1494.000000 4194.000000 1754.000000 4454.000000
MALIGNANT 1674.000000 4020.000000 1934.000000 4280.000000
MALIGNANT 1460.000000 4007.000000 1720.000000 4267.000000
MALIGNANT 1860.000000 3960.000000 2120.000000 4220.000000
MALIGNANT 1954.000000 3820.000000 2214.000000 4080.000000
MALIGNANT 1887.000000 3594.000000 2147.000000 3854.000000
MALIGNANT 1694.000000 3460.000000 1954.000000 3720.000000
MALIGNANT 1494.000000 3507.000000 1754.000000 3767.000000
MALIGNANT 1280.000000 3600.000000 1540.000000 3860.000000
MALIGNANT 1300.000000 3827.000000 1560.000000 4087.000000
MALIGNANT 1560.000000 3874.000000 1820.000000 4134.000000
MALIGNANT 1747.000000 3807.000000 2007.000000 4067.000000
MALIGNANT 1687.000000 3660.000000 1947.000000 3920.000000
MALIGNANT 1467.000000 3707.000000 1727.000000 3967.000000
