GOOD 2420.000000 2140.000000 2680.000000 2400.000000
GOOD 2620.000000 1947.000000 2880.000000 2207.000000
GOOD 1747.000000 1807.000000 2007.000000 2067.000000
GOOD 1634.000000 2060.000000 1894.000000 2320.000000
GOOD 1520.000000 2287.000000 1780.000000 2547.000000
GOOD 1660.000000 2594.000000 1920.000000 2854.000000
GOOD 1947.000000 2287.000000 2207.000000 2547.000000
GOOD 2340.000000 2454.000000 2600.000000 2714.000000
GOOD 2700.000000 2314.000000 2960.000000 2574.000000
GOOD 2727.000000 3327.000000 2987.000000 3587.000000
GOOD 2787.000000 3747.000000 3047.000000 4007.000000
GOOD 2287.000000 2674.000000 2547.000000 2934.000000
GOOD 2334.000000 3280.000000 2594.000000 3540.000000
GOOD 2334.000000 3814.000000 2594.000000 4074.000000
GOOD 2054.000000 3654.000000 2314.000000 3914.000000
GOOD 1807.000000 3347.000000 2067.000000 3607.000000
GOOD 1594.000000 3000.000000 1854.000000 3260.000000
GOOD 1900.000000 2940.000000 2160.000000 3200.000000
GOOD 1994.000000 2634.000000 2254.000000 2894.000000
