MALIGNANT 2627.000000 2127.000000 2887.000000 2387.000000
MALIGNANT 2620.000000 2354.000000 2880.000000 2614.000000
MALIGNANT 2667.000000 2527.000000 2927.000000 2787.000000
MALIGNANT 2654.000000 2627.000000 2914.000000 2887.000000
MALIGNANT 2480.000000 2647.000000 2740.000000 2907.000000
MALIGNANT 2300.000000 2627.000000 2560.000000 2887.000000
MALIGNANT 2174.000000 2540.000000 2434.000000 2800.000000
MALIGNANT 2047.000000 2480.000000 2307.000000 2740.000000
MALIGNANT 1967.000000 2327.000000 2227.000000 2587.000000
MALIGNANT 1887.000000 2220.000000 2147.000000 2480.000000
MALIGNANT 1920.000000 2054.000000 2180.000000 2314.000000
MALIGNANT 2034.000000 2034.000000 2294.000000 2294.000000
MALIGNANT 2227.000000 2007.000000 2487.000000 2267.000000
MALIGNANT 2434.000000 2034.000000 2694.000000 2294.000000
MALIGNANT 2100.000000 2200.000000 2360.000000 2460.000000
MALIGNANT 2254.000000 2414.000000 2514.000000 2674.000000
MALIGNANT 2307.000000 2214.000000 2567.000000 2474.000000
MALIGNANT 2527.000000 2207.000000 2787.000000 2467.000000
MALIGNANT 2480.000000 2467.000000 2740.000000 2727.000000
