MALIGNANT 2700.000000 1127.000000 2960.000000 1387.000000
MALIGNANT 2614.000000 1060.000000 2874.000000 1320.000000
MALIGNANT 2480.000000 974.000000 2740.000000 1234.000000
MALIGNANT 2254.000000 960.000000 2514.000000 1220.000000
MALIGNANT 2047.000000 947.000000 2307.000000 1207.000000
MALIGNANT 1827.000000 1034.000000 2087.000000 1294.000000
MALIGNANT 1647.000000 1120.000000 1907.000000 1380.000000
MALIGNANT 1494.000000 1254.000000 1754.000000 1514.000000
MALIGNANT 1334.000000 1354.000000 1594.000000 1614.000000
MALIGNANT 1187.000000 1500.000000 1447.000000 1760.000000
MALIGNANT 1000.000000 1720.000000 1260.000000 1980.000000
MALIGNANT 974.000000 1920.000000 1234.000000 2180.000000
MALIGNANT 1107.000000 2034.000000 1367.000000 2294.000000
MALIGNANT 1334.000000 2027.000000 1594.000000 2287.000000
MALIGNANT 1547.000000 1974.000000 1807.000000 2234.000000
MALIGNANT 1767.000000 1920.000000 2027.000000 2180.000000
MALIGNANT 1974.000000 1840.000000 2234.000000 2100.000000
MALIGNANT 2140.000000 1700.000000 2400.000000 1960.000000
MALIGNANT 2347.000000 1640.000000 2607.000000 1900.000000
MALIGNANT 2474.000000 1494.000000 2734.000000 1754.000000
MALIGNANT 2607.000000 1380.000000 2867.000000 1640.000000
MALIGNANT 2667.000000 1174.000000 2927.000000 1434.000000
MALIGNANT 2440.000000 1194.000000 2700.000000 1454.000000
MALIGNANT 2367.000000 1340.000000 2627.000000 1600.000000
MALIGNANT 2240.000000 1480.000000 2500.000000 1740.000000
MALIGNANT 2194.000000 1134.000000 2454.000000 1394.000000
MALIGNANT 1967.000000 1147.000000 2227.000000 1407.000000
MALIGNANT 1774.000000 1307.000000 2034.000000 1567.000000
MALIGNANT 2147.000000 1320.000000 2407.000000 1580.000000
MALIGNANT 1934.000000 1320.000000 2194.000000 1580.000000
MALIGNANT 2034.000000 1514.000000 2294.000000 1774.000000
MALIGNANT 1634.000000 1414.000000 1894.000000 1674.000000
MALIGNANT 1474.000000 1500.000000 1734.000000 1760.000000
MALIGNANT 1367.000000 1614.000000 1627.000000 1874.000000
MALIGNANT 1187.000000 1760.000000 1447.000000 2020.000000
MALIGNANT 1080.000000 1907.000000 1340.000000 2167.000000
MALIGNANT 1400.000000 1814.000000 1660.000000 2074.000000
MALIGNANT 1560.000000 1740.000000 1820.000000 2000.000000
MALIGNANT 1867.000000 1527.000000 2127.000000 1787.000000
MALIGNANT 1680.000000 1600.000000 1940.000000 1860.000000
MALIGNANT 1807.000000 1740.000000 2067.000000 2000.000000
MALIGNANT 1440.000000 1914.000000 1700.000000 2174.000000
