GOOD 1220.000000 3034.000000 1480.000000 3294.000000
GOOD 1580.000000 2787.000000 1840.000000 3047.000000
GOOD 1554.000000 2494.000000 1814.000000 2754.000000
GOOD 1754.000000 2327.000000 2014.000000 2587.000000
GOOD 1754.000000 2054.000000 2014.000000 2314.000000
GOOD 1794.000000 1734.000000 2054.000000 1994.000000
GOOD 1707.000000 1447.000000 1967.000000 1707.000000
GOOD 1474.000000 1160.000000 1734.000000 1420.000000
GOOD 1214.000000 1020.000000 1474.000000 1280.000000
GOOD 974.000000 827.000000 1234.000000 1087.000000
GOOD 767.000000 627.000000 1027.000000 887.000000
GOOD 507.000000 487.000000 767.000000 747.000000
GOOD 207.000000 400.000000 467.000000 660.000000
GOOD 107.000000 674.000000 367.000000 934.000000
GOOD 114.000000 980.000000 374.000000 1240.000000
GOOD 107.000000 1294.000000 367.000000 1554.000000
GOOD 147.000000 1600.000000 407.000000 1860.000000
GOOD 114.000000 1914.000000 374.000000 2174.000000
GOOD 147.000000 2200.000000 407.000000 2460.000000
GOOD 100.000000 2514.000000 360.000000 2774.000000
GOOD 107.000000 2887.000000 367.000000 3147.000000
GOOD 167.000000 3207.000000 427.000000 3467.000000
GOOD 154.000000 3534.000000 414.000000 3794.000000
GOOD 500.000000 3420.000000 760.000000 3680.000000
GOOD 827.000000 3320.000000 1087.000000 3580.000000
GOOD 894.000000 2927.000000 1154.000000 3187.000000
GOOD 827.000000 2527.000000 1087.000000 2787.000000
GOOD 1087.000000 2200.000000 1347.000000 2460.000000
GOOD 1400.000000 2160.000000 1660.000000 2420.000000
GOOD 1434.000000 1900.000000 1694.000000 2160.000000
GOOD 1414.000000 1587.000000 1674.000000 1847.000000
GOOD 1167.000000 1407.000000 1427.000000 1667.000000
GOOD 934.000000 1187.000000 1194.000000 1447.000000
GOOD 627.000000 994.000000 887.000000 1254.000000
GOOD 354.000000 1107.000000 614.000000 1367.000000
GOOD 480.000000 1394.000000 740.000000 1654.000000
GOOD 754.000000 1574.000000 1014.000000 1834.000000
GOOD 1020.000000 1887.000000 1280.000000 2147.000000
GOOD 694.000000 1867.000000 954.000000 2127.000000
GOOD 387.000000 1914.000000 647.000000 2174.000000
GOOD 460.000000 2174.000000 720.000000 2434.000000
GOOD 734.000000 2227.000000 994.000000 2487.000000
GOOD 354.000000 2547.000000 614.000000 2807.000000
GOOD 420.000000 2867.000000 680.000000 3127.000000
GOOD 527.000000 3094.000000 787.000000 3354.000000
