GOOD 800.000000 860.000000 1060.000000 1120.000000
GOOD 1040.000000 1074.000000 1300.000000 1334.000000
GOOD 1274.000000 1287.000000 1534.000000 1547.000000
GOOD 1547.000000 1407.000000 1807.000000 1667.000000
GOOD 1874.000000 1660.000000 2134.000000 1920.000000
GOOD 2060.000000 1894.000000 2320.000000 2154.000000
GOOD 2154.000000 2147.000000 2414.000000 2407.000000
GOOD 2300.000000 2400.000000 2560.000000 2660.000000
GOOD 2327.000000 2700.000000 2587.000000 2960.000000
GOOD 2287.000000 2967.000000 2547.000000 3227.000000
GOOD 2274.000000 3300.000000 2534.000000 3560.000000
GOOD 2020.000000 3500.000000 2280.000000 3760.000000
GOOD 1780.000000 3794.000000 2040.000000 4054.000000
GOOD 1554.000000 4014.000000 1814.000000 4274.000000
GOOD 1320.000000 4227.000000 1580.000000 4487.000000
GOOD 1040.000000 4480.000000 1300.000000 4740.000000
GOOD 760.000000 4627.000000 1020.000000 4887.000000
GOOD 380.000000 4800.000000 640.000000 5060.000000
GOOD 27.000000 4847.000000 287.000000 5107.000000
GOOD 60.000000 4554.000000 320.000000 4814.000000
GOOD 434.000000 4427.000000 694.000000 4687.000000
GOOD 747.000000 4247.000000 1007.000000 4507.000000
GOOD 1100.000000 3987.000000 1360.000000 4247.000000
GOOD 1347.000000 3660.000000 1607.000000 3920.000000
GOOD 1660.000000 3380.000000 1920.000000 3640.000000
GOOD 1920.000000 3147.000000 2180.000000 3407.000000
GOOD 2027.000000 2794.000000 2287.000000 3054.000000
GOOD 1934.000000 2514.000000 2194.000000 2774.000000
GOOD 1827.000000 2174.000000 2087.000000 2434.000000
GOOD 1654.000000 1820.000000 1914.000000 2080.000000
GOOD 1374.000000 1707.000000 1634.000000 1967.000000
GOOD 927.000000 1534.000000 1187.000000 1794.000000
GOOD 1040.000000 1794.000000 1300.000000 2054.000000
GOOD 1267.000000 2034.000000 1527.000000 2294.000000
GOOD 1520.000000 2274.000000 1780.000000 2534.000000
GOOD 1640.000000 2587.000000 1900.000000 2847.000000
GOOD 1634.000000 2907.000000 1894.000000 3167.000000
GOOD 1414.000000 3167.000000 1674.000000 3427.000000
GOOD 1194.000000 3427.000000 1454.000000 3687.000000
GOOD 934.000000 3727.000000 1194.000000 3987.000000
GOOD 700.000000 3927.000000 960.000000 4187.000000
GOOD 407.000000 4100.000000 667.000000 4360.000000
GOOD 47.000000 4214.000000 307.000000 4474.000000
GOOD 80.000000 3914.000000 340.000000 4174.000000
GOOD 120.000000 3494.000000 380.000000 3754.000000
GOOD 134.000000 3134.000000 394.000000 3394.000000
GOOD 114.000000 2674.000000 374.000000 2934.000000
GOOD 107.000000 2274.000000 367.000000 2534.000000
GOOD 7.000000 1834.000000 267.000000 2094.000000
GOOD 260.000000 1780.000000 520.000000 2040.000000
GOOD 520.000000 1700.000000 780.000000 1960.000000
GOOD 760.000000 1900.000000 1020.000000 2160.000000
GOOD 914.000000 2214.000000 1174.000000 2474.000000
GOOD 1127.000000 2407.000000 1387.000000 2667.000000
GOOD 1294.000000 2700.000000 1554.000000 2960.000000
GOOD 1087.000000 3080.000000 1347.000000 3340.000000
GOOD 840.000000 3340.000000 1100.000000 3600.000000
GOOD 587.000000 3607.000000 847.000000 3867.000000
GOOD 474.000000 3260.000000 734.000000 3520.000000
GOOD 394.000000 2967.000000 654.000000 3227.000000
GOOD 707.000000 2940.000000 967.000000 3200.000000
GOOD 867.000000 2620.000000 1127.000000 2880.000000
GOOD 547.000000 2614.000000 807.000000 2874.000000
GOOD 367.000000 2294.000000 627.000000 2554.000000
GOOD 600.000000 2294.000000 860.000000 2554.000000
GOOD 414.000000 2014.000000 674.000000 2274.000000
