MALIGNANT 2807.000000 3120.000000 3067.000000 3380.000000
MALIGNANT 2814.000000 4187.000000 3074.000000 4447.000000
MALIGNANT 2820.000000 3954.000000 3080.000000 4214.000000
MALIGNANT 2814.000000 3740.000000 3074.000000 4000.000000
MALIGNANT 2820.000000 3534.000000 3080.000000 3794.000000
MALIGNANT 2814.000000 3320.000000 3074.000000 3580.000000
MALIGNANT 2587.000000 3160.000000 2847.000000 3420.000000
MALIGNANT 2400.000000 3247.000000 2660.000000 3507.000000
MALIGNANT 2260.000000 3354.000000 2520.000000 3614.000000
MALIGNANT 2220.000000 3807.000000 2480.000000 4067.000000
MALIGNANT 2320.000000 4027.000000 2580.000000 4287.000000
MALIGNANT 2574.000000 4140.000000 2834.000000 4400.000000
MALIGNANT 2460.000000 3947.000000 2720.000000 4207.000000
MALIGNANT 2360.000000 3707.000000 2620.000000 3967.000000
MALIGNANT 2614.000000 3334.000000 2874.000000 3594.000000
MALIGNANT 2500.000000 3500.000000 2760.000000 3760.000000
MALIGNANT 2680.000000 3794.000000 2940.000000 4054.000000
MALIGNANT 2600.000000 3974.000000 2860.000000 4234.000000
MALIGNANT 2667.000000 3607.000000 2927.000000 3867.000000
MALIGNANT 2507.000000 3707.000000 2767.000000 3967.000000
MALIGNANT 2507.000000 3707.000000 2767.000000 3967.000000
MALIGNANT 2727.000000 4087.000000 2987.000000 4347.000000
MALIGNANT 2774.000000 3400.000000 3034.000000 3660.000000
MALIGNANT 2820.000000 1054.000000 3080.000000 1314.000000
MALIGNANT 2820.000000 1287.000000 3080.000000 1547.000000
MALIGNANT 2827.000000 1500.000000 3087.000000 1760.000000
MALIGNANT 2814.000000 1734.000000 3074.000000 1994.000000
MALIGNANT 2800.000000 1980.000000 3060.000000 2240.000000
MALIGNANT 2614.000000 2714.000000 2874.000000 2974.000000
MALIGNANT 2400.000000 2694.000000 2660.000000 2954.000000
MALIGNANT 2154.000000 2640.000000 2414.000000 2900.000000
MALIGNANT 1927.000000 2627.000000 2187.000000 2887.000000
MALIGNANT 1694.000000 2634.000000 1954.000000 2894.000000
MALIGNANT 1427.000000 2574.000000 1687.000000 2834.000000
MALIGNANT 1327.000000 2634.000000 1587.000000 2894.000000
MALIGNANT 1087.000000 2640.000000 1347.000000 2900.000000
MALIGNANT 887.000000 2614.000000 1147.000000 2874.000000
MALIGNANT 880.000000 2400.000000 1140.000000 2660.000000
MALIGNANT 880.000000 2214.000000 1140.000000 2474.000000
MALIGNANT 1054.000000 2407.000000 1314.000000 2667.000000
MALIGNANT 1274.000000 2387.000000 1534.000000 2647.000000
MALIGNANT 1167.000000 2194.000000 1427.000000 2454.000000
MALIGNANT 954.000000 2034.000000 1214.000000 2294.000000
MALIGNANT 1180.000000 1967.000000 1440.000000 2227.000000
MALIGNANT 1200.000000 1814.000000 1460.000000 2074.000000
MALIGNANT 1107.000000 1900.000000 1367.000000 2160.000000
MALIGNANT 1267.000000 1667.000000 1527.000000 1927.000000
MALIGNANT 1400.000000 1587.000000 1660.000000 1847.000000
MALIGNANT 1580.000000 1500.000000 1840.000000 1760.000000
MALIGNANT 1654.000000 1314.000000 1914.000000 1574.000000
MALIGNANT 1800.000000 1240.000000 2060.000000 1500.000000
MALIGNANT 1994.000000 1134.000000 2254.000000 1394.000000
MALIGNANT 2194.000000 1054.000000 2454.000000 1314.000000
MALIGNANT 2420.000000 1000.000000 2680.000000 1260.000000
MALIGNANT 2614.000000 1000.000000 2874.000000 1260.000000
MALIGNANT 2587.000000 1234.000000 2847.000000 1494.000000
MALIGNANT 2287.000000 1334.000000 2547.000000 1594.000000
MALIGNANT 2040.000000 1480.000000 2300.000000 1740.000000
MALIGNANT 1840.000000 1594.000000 2100.000000 1854.000000
MALIGNANT 1560.000000 1747.000000 1820.000000 2007.000000
MALIGNANT 1460.000000 2027.000000 1720.000000 2287.000000
MALIGNANT 1754.000000 2027.000000 2014.000000 2287.000000
MALIGNANT 1787.000000 1800.000000 2047.000000 2060.000000
MALIGNANT 2087.000000 1640.000000 2347.000000 1900.000000
MALIGNANT 2394.000000 1160.000000 2654.000000 1420.000000
MALIGNANT 2647.000000 1447.000000 2907.000000 1707.000000
MALIGNANT 2447.000000 1474.000000 2707.000000 1734.000000
MALIGNANT 2254.000000 1527.000000 2514.000000 1787.000000
MALIGNANT 2607.000000 1700.000000 2867.000000 1960.000000
MALIGNANT 2354.000000 1740.000000 2614.000000 2000.000000
MALIGNANT 2074.000000 1820.000000 2334.000000 2080.000000
MALIGNANT 1927.000000 2007.000000 2187.000000 2267.000000
MALIGNANT 1540.000000 2187.000000 1800.000000 2447.000000
MALIGNANT 1294.000000 2247.000000 1554.000000 2507.000000
MALIGNANT 2707.000000 1907.000000 2967.000000 2167.000000
MALIGNANT 2234.000000 1947.000000 2494.000000 2207.000000
MALIGNANT 2487.000000 1954.000000 2747.000000 2214.000000
MALIGNANT 2667.000000 2127.000000 2927.000000 2387.000000
MALIGNANT 2387.000000 2134.000000 2647.000000 2394.000000
MALIGNANT 2094.000000 2114.000000 2354.000000 2374.000000
MALIGNANT 1774.000000 2227.000000 2034.000000 2487.000000
MALIGNANT 1560.000000 2394.000000 1820.000000 2654.000000
MALIGNANT 1760.000000 2387.000000 2020.000000 2647.000000
MALIGNANT 1887.000000 2334.000000 2147.000000 2594.000000
MALIGNANT 2120.000000 2354.000000 2380.000000 2614.000000
MALIGNANT 2414.000000 2300.000000 2674.000000 2560.000000
MALIGNANT 2647.000000 2380.000000 2907.000000 2640.000000
MALIGNANT 2354.000000 2487.000000 2614.000000 2747.000000
MALIGNANT 2567.000000 2554.000000 2827.000000 2814.000000
MALIGNANT 2787.000000 2214.000000 3047.000000 2474.000000
MALIGNANT 2780.000000 2427.000000 3040.000000 2687.000000
MALIGNANT 2767.000000 2687.000000 3027.000000 2947.000000
MALIGNANT 1947.000000 1374.000000 2207.000000 1634.000000
MALIGNANT 1840.000000 2080.000000 2100.000000 2340.000000
MALIGNANT 2394.000000 1627.000000 2654.000000 1887.000000
MALIGNANT 1774.000000 1520.000000 2034.000000 1780.000000
MALIGNANT 1634.000000 1880.000000 1894.000000 2140.000000
MALIGNANT 2740.000000 1360.000000 3000.000000 1620.000000
MALIGNANT 2700.000000 1114.000000 2960.000000 1374.000000
MALIGNANT 2107.000000 1160.000000 2367.000000 1420.000000
MALIGNANT 2534.000000 1047.000000 2794.000000 1307.000000
MALIGNANT 2220.000000 2414.000000 2480.000000 2674.000000
MALIGNANT 2047.000000 2554.000000 2307.000000 2814.000000
MALIGNANT 1774.000000 2554.000000 2034.000000 2814.000000
MALIGNANT 1194.000000 2534.000000 1454.000000 2794.000000
MALIGNANT 2467.000000 2647.000000 2727.000000 2907.000000
MALIGNANT 2280.000000 3560.000000 2540.000000 3820.000000
MALIGNANT 2714.000000 2574.000000 2974.000000 2834.000000
MALIGNANT 2260.000000 2240.000000 2520.000000 2500.000000
MALIGNANT 2580.000000 2027.000000 2840.000000 2287.000000
MALIGNANT 1394.000000 2107.000000 1654.000000 2367.000000
MALIGNANT 2800.000000 1514.000000 3060.000000 1774.000000
MALIGNANT 2787.000000 4054.000000 3047.000000 4314.000000
MALIGNANT 2187.000000 3600.000000 2447.000000 3860.000000
MALIGNANT 2300.000000 3414.000000 2560.000000 3674.000000
MALIGNANT 2767.000000 3234.000000 3027.000000 3494.000000
MALIGNANT 2340.000000 3934.000000 2600.000000 4194.000000
MALIGNANT 2494.000000 3300.000000 2754.000000 3560.000000
MALIGNANT 947.000000 2520.000000 1207.000000 2780.000000
MALIGNANT 947.000000 2314.000000 1207.000000 2574.000000
