MALIGNANT 220.000000 2620.000000 480.000000 2880.000000
MALIGNANT 300.000000 2474.000000 560.000000 2734.000000
MALIGNANT 500.000000 2394.000000 760.000000 2654.000000
MALIGNANT 547.000000 2214.000000 807.000000 2474.000000
MALIGNANT 607.000000 2067.000000 867.000000 2327.000000
MALIGNANT 647.000000 1900.000000 907.000000 2160.000000
MALIGNANT 700.000000 1740.000000 960.000000 2000.000000
MALIGNANT 760.000000 1647.000000 1020.000000 1907.000000
MALIGNANT 887.000000 1580.000000 1147.000000 1840.000000
MALIGNANT 1020.000000 1580.000000 1280.000000 1840.000000
MALIGNANT 1174.000000 1640.000000 1434.000000 1900.000000
MALIGNANT 1307.000000 1820.000000 1567.000000 2080.000000
MALIGNANT 1387.000000 2040.000000 1647.000000 2300.000000
MALIGNANT 1380.000000 2287.000000 1640.000000 2547.000000
MALIGNANT 1480.000000 2327.000000 1740.000000 2587.000000
MALIGNANT 1527.000000 2527.000000 1787.000000 2787.000000
MALIGNANT 480.000000 2640.000000 740.000000 2900.000000
MALIGNANT 720.000000 2654.000000 980.000000 2914.000000
MALIGNANT 674.000000 2447.000000 934.000000 2707.000000
MALIGNANT 860.000000 1794.000000 1120.000000 2054.000000
MALIGNANT 1100.000000 1827.000000 1360.000000 2087.000000
MALIGNANT 1254.000000 1980.000000 1514.000000 2240.000000
MALIGNANT 807.000000 2080.000000 1067.000000 2340.000000
MALIGNANT 954.000000 1967.000000 1214.000000 2227.000000
MALIGNANT 1114.000000 2134.000000 1374.000000 2394.000000
MALIGNANT 700.000000 2287.000000 960.000000 2547.000000
MALIGNANT 907.000000 2220.000000 1167.000000 2480.000000
MALIGNANT 1234.000000 2240.000000 1494.000000 2500.000000
MALIGNANT 1027.000000 2327.000000 1287.000000 2587.000000
MALIGNANT 854.000000 2400.000000 1114.000000 2660.000000
MALIGNANT 1187.000000 2454.000000 1447.000000 2714.000000
MALIGNANT 1380.000000 2607.000000 1640.000000 2867.000000
MALIGNANT 934.000000 2760.000000 1194.000000 3020.000000
MALIGNANT 960.000000 2580.000000 1220.000000 2840.000000
MALIGNANT 1147.000000 2620.000000 1407.000000 2880.000000
MALIGNANT 1187.000000 2827.000000 1447.000000 3087.000000
MALIGNANT 1360.000000 2754.000000 1620.000000 3014.000000
MALIGNANT 1447.000000 2614.000000 1707.000000 2874.000000
