GOOD 3560.000000 1027.000000 3820.000000 1287.000000
GOOD 3107.000000 1000.000000 3367.000000 1260.000000
GOOD 2800.000000 1287.000000 3060.000000 1547.000000
GOOD 2340.000000 1314.000000 2600.000000 1574.000000
GOOD 2147.000000 1740.000000 2407.000000 2000.000000
GOOD 2514.000000 1627.000000 2774.000000 1887.000000
GOOD 2967.000000 1540.000000 3227.000000 1800.000000
GOOD 3334.000000 1400.000000 3594.000000 1660.000000
GOOD 2147.000000 2080.000000 2407.000000 2340.000000
GOOD 1687.000000 2107.000000 1947.000000 2367.000000
GOOD 1634.000000 2480.000000 1894.000000 2740.000000
GOOD 1607.000000 2820.000000 1867.000000 3080.000000
GOOD 1574.000000 3247.000000 1834.000000 3507.000000
GOOD 2034.000000 3134.000000 2294.000000 3394.000000
GOOD 1974.000000 2674.000000 2234.000000 2934.000000
GOOD 1974.000000 2674.000000 2234.000000 2934.000000
GOOD 2287.000000 2534.000000 2547.000000 2794.000000
GOOD 2627.000000 2080.000000 2887.000000 2340.000000
GOOD 2627.000000 2080.000000 2887.000000 2340.000000
GOOD 3140.000000 1994.000000 3400.000000 2254.000000
GOOD 2967.000000 2447.000000 3227.000000 2707.000000
GOOD 2567.000000 2647.000000 2827.000000 2907.000000
GOOD 2914.000000 2787.000000 3174.000000 3047.000000
GOOD 2427.000000 3274.000000 2687.000000 3534.000000
GOOD 1834.000000 3674.000000 2094.000000 3934.000000
