MALIGNANT 7.000000 1227.000000 267.000000 1487.000000
MALIGNANT 40.000000 1427.000000 300.000000 1687.000000
MALIGNANT 127.000000 1620.000000 387.000000 1880.000000
MALIGNANT 267.000000 1827.000000 527.000000 2087.000000
MALIGNANT 507.000000 1847.000000 767.000000 2107.000000
MALIGNANT 767.000000 1820.000000 1027.000000 2080.000000
MALIGNANT 920.000000 1847.000000 1180.000000 2107.000000
MALIGNANT 880.000000 1747.000000 1140.000000 2007.000000
MALIGNANT 827.000000 1587.000000 1087.000000 1847.000000
MALIGNANT 694.000000 1480.000000 954.000000 1740.000000
MALIGNANT 534.000000 1334.000000 794.000000 1594.000000
MALIGNANT 440.000000 1220.000000 700.000000 1480.000000
MALIGNANT 100.000000 1167.000000 360.000000 1427.000000
MALIGNANT 260.000000 1160.000000 520.000000 1420.000000
MALIGNANT 314.000000 1387.000000 574.000000 1647.000000
MALIGNANT 207.000000 1460.000000 467.000000 1720.000000
MALIGNANT 514.000000 1540.000000 774.000000 1800.000000
MALIGNANT 334.000000 1594.000000 594.000000 1854.000000
MALIGNANT 414.000000 1714.000000 674.000000 1974.000000
MALIGNANT 660.000000 1727.000000 920.000000 1987.000000
