MALIGNANT 307.000000 867.000000 567.000000 1127.000000
MALIGNANT 367.000000 907.000000 627.000000 1167.000000
MALIGNANT 387.000000 807.000000 647.000000 1067.000000
MALIGNANT 547.000000 740.000000 807.000000 1000.000000
MALIGNANT 760.000000 747.000000 1020.000000 1007.000000
MALIGNANT 600.000000 934.000000 860.000000 1194.000000
MALIGNANT 800.000000 980.000000 1060.000000 1240.000000
MALIGNANT 940.000000 1107.000000 1200.000000 1367.000000
MALIGNANT 1080.000000 1160.000000 1340.000000 1420.000000
MALIGNANT 1300.000000 1187.000000 1560.000000 1447.000000
MALIGNANT 1440.000000 1154.000000 1700.000000 1414.000000
MALIGNANT 1400.000000 1014.000000 1660.000000 1274.000000
MALIGNANT 1020.000000 940.000000 1280.000000 1200.000000
MALIGNANT 1000.000000 774.000000 1260.000000 1034.000000
MALIGNANT 1240.000000 1034.000000 1500.000000 1294.000000
MALIGNANT 1227.000000 874.000000 1487.000000 1134.000000
MALIGNANT 1334.000000 947.000000 1594.000000 1207.000000
MALIGNANT 667.000000 820.000000 927.000000 1080.000000
