GOOD 187.000000 3587.000000 447.000000 3847.000000
GOOD 554.000000 3414.000000 814.000000 3674.000000
GOOD 580.000000 2960.000000 840.000000 3220.000000
GOOD 240.000000 3187.000000 500.000000 3447.000000
GOOD 47.000000 2820.000000 307.000000 3080.000000
GOOD 187.000000 2394.000000 447.000000 2654.000000
GOOD 554.000000 2480.000000 814.000000 2740.000000
GOOD 1040.000000 3047.000000 1300.000000 3307.000000
GOOD 1040.000000 2674.000000 1300.000000 2934.000000
GOOD 1380.000000 2367.000000 1640.000000 2627.000000
GOOD 1320.000000 2674.000000 1580.000000 2934.000000
GOOD 927.000000 2107.000000 1187.000000 2367.000000
GOOD 1380.000000 1907.000000 1640.000000 2167.000000
GOOD 414.000000 1994.000000 674.000000 2254.000000
GOOD 100.000000 1994.000000 360.000000 2254.000000
GOOD 727.000000 1714.000000 987.000000 1974.000000
GOOD 1094.000000 1654.000000 1354.000000 1914.000000
GOOD 327.000000 1480.000000 587.000000 1740.000000
GOOD 807.000000 1227.000000 1067.000000 1487.000000
