GOOD 2427.000000 1714.000000 2687.000000 1974.000000
GOOD 2114.000000 1767.000000 2374.000000 2027.000000
GOOD 2514.000000 2707.000000 2774.000000 2967.000000
GOOD 2114.000000 2987.000000 2374.000000 3247.000000
GOOD 2314.000000 3727.000000 2574.000000 3987.000000
GOOD 2400.000000 3300.000000 2660.000000 3560.000000
GOOD 2087.000000 3327.000000 2347.000000 3587.000000
GOOD 1660.000000 3160.000000 1920.000000 3420.000000
GOOD 1294.000000 3247.000000 1554.000000 3507.000000
GOOD 1380.000000 2820.000000 1640.000000 3080.000000
GOOD 1747.000000 2707.000000 2007.000000 2967.000000
GOOD 1574.000000 3640.000000 1834.000000 3900.000000
GOOD 1947.000000 4040.000000 2207.000000 4300.000000
GOOD 1347.000000 4014.000000 1607.000000 4274.000000
GOOD 2200.000000 4407.000000 2460.000000 4667.000000
GOOD 1774.000000 4380.000000 2034.000000 4640.000000
GOOD 2540.000000 4040.000000 2800.000000 4300.000000
GOOD 2567.000000 4440.000000 2827.000000 4700.000000
GOOD 2314.000000 4667.000000 2574.000000 4927.000000
