MALIGNANT 2274.000000 2500.000000 2534.000000 2760.000000
MALIGNANT 2494.000000 2507.000000 2754.000000 2767.000000
MALIGNANT 2707.000000 2520.000000 2967.000000 2780.000000
MALIGNANT 2767.000000 2687.000000 3027.000000 2947.000000
MALIGNANT 2140.000000 2647.000000 2400.000000 2907.000000
MALIGNANT 2060.000000 2887.000000 2320.000000 3147.000000
MALIGNANT 2054.000000 3114.000000 2314.000000 3374.000000
MALIGNANT 2094.000000 3394.000000 2354.000000 3654.000000
MALIGNANT 2140.000000 3260.000000 2400.000000 3520.000000
MALIGNANT 2114.000000 3640.000000 2374.000000 3900.000000
MALIGNANT 2180.000000 3827.000000 2440.000000 4087.000000
MALIGNANT 2327.000000 3940.000000 2587.000000 4200.000000
MALIGNANT 2254.000000 2734.000000 2514.000000 2994.000000
MALIGNANT 2500.000000 2707.000000 2760.000000 2967.000000
MALIGNANT 2660.000000 2927.000000 2920.000000 3187.000000
MALIGNANT 2234.000000 2940.000000 2494.000000 3200.000000
MALIGNANT 2460.000000 2934.000000 2720.000000 3194.000000
MALIGNANT 2220.000000 3160.000000 2480.000000 3420.000000
MALIGNANT 2440.000000 3134.000000 2700.000000 3394.000000
MALIGNANT 2680.000000 3107.000000 2940.000000 3367.000000
MALIGNANT 2707.000000 3374.000000 2967.000000 3634.000000
MALIGNANT 2420.000000 3387.000000 2680.000000 3647.000000
MALIGNANT 2227.000000 3480.000000 2487.000000 3740.000000
MALIGNANT 2560.000000 3427.000000 2820.000000 3687.000000
MALIGNANT 2747.000000 3594.000000 3007.000000 3854.000000
MALIGNANT 2327.000000 3674.000000 2587.000000 3934.000000
MALIGNANT 2527.000000 3654.000000 2787.000000 3914.000000
MALIGNANT 2707.000000 3820.000000 2967.000000 4080.000000
MALIGNANT 2507.000000 3834.000000 2767.000000 4094.000000
MALIGNANT 2534.000000 3234.000000 2794.000000 3494.000000
MALIGNANT 2887.000000 2787.000000 3147.000000 3047.000000
MALIGNANT 2874.000000 2920.000000 3134.000000 3180.000000
MALIGNANT 2887.000000 3107.000000 3147.000000 3367.000000
MALIGNANT 2894.000000 3340.000000 3154.000000 3600.000000
MALIGNANT 2854.000000 3467.000000 3114.000000 3727.000000
MALIGNANT 2880.000000 3554.000000 3140.000000 3814.000000
MALIGNANT 2827.000000 3747.000000 3087.000000 4007.000000
MALIGNANT 2874.000000 3794.000000 3134.000000 4054.000000
MALIGNANT 2874.000000 4087.000000 3134.000000 4347.000000
MALIGNANT 2880.000000 3940.000000 3140.000000 4200.000000
MALIGNANT 2800.000000 4034.000000 3060.000000 4294.000000
MALIGNANT 2640.000000 3960.000000 2900.000000 4220.000000
MALIGNANT 2380.000000 3914.000000 2640.000000 4174.000000
MALIGNANT 2227.000000 3747.000000 2487.000000 4007.000000
MALIGNANT 2134.000000 3580.000000 2394.000000 3840.000000
MALIGNANT 2094.000000 2960.000000 2354.000000 3220.000000
MALIGNANT 2187.000000 2714.000000 2447.000000 2974.000000
MALIGNANT 2400.000000 2554.000000 2660.000000 2814.000000
MALIGNANT 2600.000000 2574.000000 2860.000000 2834.000000
MALIGNANT 2554.000000 2994.000000 2814.000000 3254.000000
MALIGNANT 2800.000000 3187.000000 3060.000000 3447.000000
MALIGNANT 2654.000000 4067.000000 2914.000000 4327.000000
MALIGNANT 2514.000000 4027.000000 2774.000000 4287.000000
MALIGNANT 2640.000000 3754.000000 2900.000000 4014.000000
MALIGNANT 2480.000000 3507.000000 2740.000000 3767.000000
MALIGNANT 2754.000000 3260.000000 3014.000000 3520.000000
MALIGNANT 2340.000000 3307.000000 2600.000000 3567.000000
MALIGNANT 2780.000000 3047.000000 3040.000000 3307.000000
MALIGNANT 2420.000000 3014.000000 2680.000000 3274.000000
MALIGNANT 2560.000000 2640.000000 2820.000000 2900.000000
MALIGNANT 2300.000000 2774.000000 2560.000000 3034.000000
MALIGNANT 2220.000000 3214.000000 2480.000000 3474.000000
