MALIGNANT 2340.000000 3087.000000 2600.000000 3347.000000
MALIGNANT 2240.000000 2974.000000 2500.000000 3234.000000
MALIGNANT 2014.000000 2954.000000 2274.000000 3214.000000
MALIGNANT 920.000000 2660.000000 1180.000000 2920.000000
MALIGNANT 1100.000000 2627.000000 1360.000000 2887.000000
MALIGNANT 1327.000000 2634.000000 1587.000000 2894.000000
MALIGNANT 1514.000000 2707.000000 1774.000000 2967.000000
MALIGNANT 1700.000000 2780.000000 1960.000000 3040.000000
MALIGNANT 1854.000000 2867.000000 2114.000000 3127.000000
MALIGNANT 914.000000 2880.000000 1174.000000 3140.000000
MALIGNANT 1140.000000 2800.000000 1400.000000 3060.000000
MALIGNANT 1334.000000 2840.000000 1594.000000 3100.000000
MALIGNANT 1600.000000 2874.000000 1860.000000 3134.000000
MALIGNANT 1807.000000 3100.000000 2067.000000 3360.000000
MALIGNANT 2047.000000 3167.000000 2307.000000 3427.000000
MALIGNANT 2234.000000 3260.000000 2494.000000 3520.000000
MALIGNANT 1027.000000 3067.000000 1287.000000 3327.000000
MALIGNANT 1187.000000 2974.000000 1447.000000 3234.000000
MALIGNANT 1440.000000 3034.000000 1700.000000 3294.000000
MALIGNANT 1620.000000 3080.000000 1880.000000 3340.000000
MALIGNANT 1120.000000 3240.000000 1380.000000 3500.000000
MALIGNANT 1307.000000 3140.000000 1567.000000 3400.000000
MALIGNANT 1494.000000 3240.000000 1754.000000 3500.000000
MALIGNANT 1307.000000 3367.000000 1567.000000 3627.000000
MALIGNANT 1447.000000 3500.000000 1707.000000 3760.000000
MALIGNANT 1674.000000 3580.000000 1934.000000 3840.000000
MALIGNANT 1607.000000 3387.000000 1867.000000 3647.000000
MALIGNANT 1734.000000 3207.000000 1994.000000 3467.000000
MALIGNANT 1940.000000 3287.000000 2200.000000 3547.000000
MALIGNANT 2100.000000 3374.000000 2360.000000 3634.000000
MALIGNANT 1887.000000 3474.000000 2147.000000 3734.000000
MALIGNANT 1787.000000 3380.000000 2047.000000 3640.000000
