GOOD 1927.000000 3320.000000 2187.000000 3580.000000
GOOD 1760.000000 3047.000000 2020.000000 3307.000000
GOOD 1380.000000 3440.000000 1640.000000 3700.000000
GOOD 1274.000000 3420.000000 1534.000000 3680.000000
GOOD 1254.000000 660.000000 1514.000000 920.000000
GOOD 2394.000000 867.000000 2654.000000 1127.000000
GOOD 1894.000000 2234.000000 2154.000000 2494.000000
GOOD 1534.000000 2060.000000 1794.000000 2320.000000
GOOD 1200.000000 2527.000000 1460.000000 2787.000000
GOOD 480.000000 1167.000000 740.000000 1427.000000
GOOD 1207.000000 4087.000000 1467.000000 4347.000000
GOOD 2294.000000 2927.000000 2554.000000 3187.000000
GOOD 2114.000000 2707.000000 2374.000000 2967.000000
GOOD 1840.000000 1760.000000 2100.000000 2020.000000
GOOD 694.000000 2934.000000 954.000000 3194.000000
GOOD 1220.000000 1354.000000 1480.000000 1614.000000
GOOD 774.000000 3514.000000 1034.000000 3774.000000
