MALIGNANT 2347.000000 1754.000000 2607.000000 2014.000000
MALIGNANT 2347.000000 1980.000000 2607.000000 2240.000000
MALIGNANT 2354.000000 2194.000000 2614.000000 2454.000000
MALIGNANT 2354.000000 2354.000000 2614.000000 2614.000000
MALIGNANT 2094.000000 2347.000000 2354.000000 2607.000000
MALIGNANT 1940.000000 2287.000000 2200.000000 2547.000000
MALIGNANT 1874.000000 2140.000000 2134.000000 2400.000000
MALIGNANT 1867.000000 1960.000000 2127.000000 2220.000000
MALIGNANT 1920.000000 1854.000000 2180.000000 2114.000000
MALIGNANT 2007.000000 1747.000000 2267.000000 2007.000000
MALIGNANT 2180.000000 1680.000000 2440.000000 1940.000000
MALIGNANT 2134.000000 1860.000000 2394.000000 2120.000000
MALIGNANT 2007.000000 2080.000000 2267.000000 2340.000000
MALIGNANT 2247.000000 2194.000000 2507.000000 2454.000000
MALIGNANT 2267.000000 1974.000000 2527.000000 2234.000000
MALIGNANT 2187.000000 2227.000000 2447.000000 2487.000000
MALIGNANT 2294.000000 2280.000000 2554.000000 2540.000000
MALIGNANT 2287.000000 1814.000000 2547.000000 2074.000000
MALIGNANT 2187.000000 2000.000000 2447.000000 2260.000000
