MALIGNANT 7.000000 900.000000 267.000000 1160.000000
MALIGNANT 7.000000 994.000000 267.000000 1254.000000
MALIGNANT 194.000000 860.000000 454.000000 1120.000000
MALIGNANT 380.000000 840.000000 640.000000 1100.000000
MALIGNANT 554.000000 874.000000 814.000000 1134.000000
MALIGNANT 694.000000 940.000000 954.000000 1200.000000
MALIGNANT 780.000000 980.000000 1040.000000 1240.000000
MALIGNANT 827.000000 1120.000000 1087.000000 1380.000000
MALIGNANT 807.000000 1214.000000 1067.000000 1474.000000
MALIGNANT 580.000000 1207.000000 840.000000 1467.000000
MALIGNANT 360.000000 1167.000000 620.000000 1427.000000
MALIGNANT 220.000000 1034.000000 480.000000 1294.000000
MALIGNANT 460.000000 1007.000000 720.000000 1267.000000
MALIGNANT 74.000000 940.000000 334.000000 1200.000000
MALIGNANT 720.000000 1120.000000 980.000000 1380.000000
MALIGNANT 1080.000000 1087.000000 1340.000000 1347.000000
MALIGNANT 1194.000000 1160.000000 1454.000000 1420.000000
MALIGNANT 1094.000000 1220.000000 1354.000000 1480.000000
