MALIGNANT 194.000000 1100.000000 454.000000 1360.000000
MALIGNANT 74.000000 1234.000000 334.000000 1494.000000
MALIGNANT 40.000000 1460.000000 300.000000 1720.000000
MALIGNANT 40.000000 1700.000000 300.000000 1960.000000
MALIGNANT 67.000000 1914.000000 327.000000 2174.000000
MALIGNANT 134.000000 2054.000000 394.000000 2314.000000
MALIGNANT 247.000000 2214.000000 507.000000 2474.000000
MALIGNANT 447.000000 2334.000000 707.000000 2594.000000
MALIGNANT 580.000000 2414.000000 840.000000 2674.000000
MALIGNANT 794.000000 2487.000000 1054.000000 2747.000000
MALIGNANT 880.000000 2680.000000 1140.000000 2940.000000
MALIGNANT 954.000000 2920.000000 1214.000000 3180.000000
MALIGNANT 994.000000 3154.000000 1254.000000 3414.000000
MALIGNANT 1060.000000 3354.000000 1320.000000 3614.000000
MALIGNANT 1220.000000 3467.000000 1480.000000 3727.000000
MALIGNANT 1387.000000 3580.000000 1647.000000 3840.000000
MALIGNANT 1560.000000 3727.000000 1820.000000 3987.000000
MALIGNANT 1674.000000 3840.000000 1934.000000 4100.000000
MALIGNANT 1807.000000 3760.000000 2067.000000 4020.000000
MALIGNANT 1914.000000 3647.000000 2174.000000 3907.000000
MALIGNANT 2007.000000 3467.000000 2267.000000 3727.000000
MALIGNANT 2074.000000 3234.000000 2334.000000 3494.000000
MALIGNANT 2107.000000 3020.000000 2367.000000 3280.000000
MALIGNANT 2107.000000 2807.000000 2367.000000 3067.000000
MALIGNANT 2100.000000 2580.000000 2360.000000 2840.000000
MALIGNANT 2020.000000 2380.000000 2280.000000 2640.000000
MALIGNANT 2007.000000 2154.000000 2267.000000 2414.000000
MALIGNANT 1960.000000 2034.000000 2220.000000 2294.000000
MALIGNANT 1900.000000 1887.000000 2160.000000 2147.000000
MALIGNANT 1714.000000 1774.000000 1974.000000 2034.000000
MALIGNANT 447.000000 1100.000000 707.000000 1360.000000
MALIGNANT 694.000000 1120.000000 954.000000 1380.000000
MALIGNANT 887.000000 1154.000000 1147.000000 1414.000000
MALIGNANT 1080.000000 1294.000000 1340.000000 1554.000000
MALIGNANT 1247.000000 1400.000000 1507.000000 1660.000000
MALIGNANT 1414.000000 1554.000000 1674.000000 1814.000000
MALIGNANT 1574.000000 1674.000000 1834.000000 1934.000000
MALIGNANT 227.000000 1334.000000 487.000000 1594.000000
MALIGNANT 454.000000 1280.000000 714.000000 1540.000000
MALIGNANT 707.000000 1327.000000 967.000000 1587.000000
MALIGNANT 900.000000 1407.000000 1160.000000 1667.000000
MALIGNANT 1074.000000 1500.000000 1334.000000 1760.000000
MALIGNANT 1260.000000 1687.000000 1520.000000 1947.000000
MALIGNANT 1487.000000 1794.000000 1747.000000 2054.000000
MALIGNANT 1714.000000 2027.000000 1974.000000 2287.000000
MALIGNANT 1840.000000 2280.000000 2100.000000 2540.000000
MALIGNANT 260.000000 1594.000000 520.000000 1854.000000
MALIGNANT 474.000000 1487.000000 734.000000 1747.000000
MALIGNANT 714.000000 1527.000000 974.000000 1787.000000
MALIGNANT 227.000000 1787.000000 487.000000 2047.000000
MALIGNANT 434.000000 1920.000000 694.000000 2180.000000
MALIGNANT 540.000000 1720.000000 800.000000 1980.000000
MALIGNANT 720.000000 1720.000000 980.000000 1980.000000
MALIGNANT 967.000000 1734.000000 1227.000000 1994.000000
MALIGNANT 1080.000000 2234.000000 1340.000000 2494.000000
MALIGNANT 1067.000000 2507.000000 1327.000000 2767.000000
MALIGNANT 774.000000 2207.000000 1034.000000 2467.000000
MALIGNANT 534.000000 2134.000000 794.000000 2394.000000
MALIGNANT 720.000000 1947.000000 980.000000 2207.000000
MALIGNANT 667.000000 2160.000000 927.000000 2420.000000
MALIGNANT 867.000000 1960.000000 1127.000000 2220.000000
MALIGNANT 1174.000000 1894.000000 1434.000000 2154.000000
MALIGNANT 1420.000000 2047.000000 1680.000000 2307.000000
MALIGNANT 1060.000000 2067.000000 1320.000000 2327.000000
MALIGNANT 1234.000000 2214.000000 1494.000000 2474.000000
MALIGNANT 1580.000000 2254.000000 1840.000000 2514.000000
MALIGNANT 1414.000000 2374.000000 1674.000000 2634.000000
MALIGNANT 1227.000000 2574.000000 1487.000000 2834.000000
MALIGNANT 1220.000000 2354.000000 1480.000000 2614.000000
MALIGNANT 1567.000000 2440.000000 1827.000000 2700.000000
MALIGNANT 1807.000000 2454.000000 2067.000000 2714.000000
MALIGNANT 1927.000000 2620.000000 2187.000000 2880.000000
MALIGNANT 1874.000000 2840.000000 2134.000000 3100.000000
MALIGNANT 1420.000000 2620.000000 1680.000000 2880.000000
MALIGNANT 1647.000000 2660.000000 1907.000000 2920.000000
MALIGNANT 1120.000000 2747.000000 1380.000000 3007.000000
MALIGNANT 1080.000000 2960.000000 1340.000000 3220.000000
MALIGNANT 1147.000000 3214.000000 1407.000000 3474.000000
MALIGNANT 1380.000000 3327.000000 1640.000000 3587.000000
MALIGNANT 1374.000000 3074.000000 1634.000000 3334.000000
MALIGNANT 1274.000000 2940.000000 1534.000000 3200.000000
MALIGNANT 1380.000000 2807.000000 1640.000000 3067.000000
MALIGNANT 1580.000000 2887.000000 1840.000000 3147.000000
MALIGNANT 1754.000000 3054.000000 2014.000000 3314.000000
MALIGNANT 1514.000000 3107.000000 1774.000000 3367.000000
MALIGNANT 1894.000000 3127.000000 2154.000000 3387.000000
MALIGNANT 1867.000000 3347.000000 2127.000000 3607.000000
MALIGNANT 1614.000000 3394.000000 1874.000000 3654.000000
MALIGNANT 1654.000000 3207.000000 1914.000000 3467.000000
MALIGNANT 1667.000000 3547.000000 1927.000000 3807.000000
MALIGNANT 1847.000000 3494.000000 2107.000000 3754.000000
MALIGNANT 1514.000000 3574.000000 1774.000000 3834.000000
