MALIGNANT 1200.000000 1567.000000 1460.000000 1827.000000
MALIGNANT 1047.000000 1627.000000 1307.000000 1887.000000
MALIGNANT 914.000000 1694.000000 1174.000000 1954.000000
MALIGNANT 854.000000 1820.000000 1114.000000 2080.000000
MALIGNANT 840.000000 2007.000000 1100.000000 2267.000000
MALIGNANT 920.000000 2147.000000 1180.000000 2407.000000
MALIGNANT 1120.000000 2160.000000 1380.000000 2420.000000
MALIGNANT 1274.000000 2127.000000 1534.000000 2387.000000
MALIGNANT 1054.000000 1994.000000 1314.000000 2254.000000
MALIGNANT 1087.000000 1820.000000 1347.000000 2080.000000
MALIGNANT 1280.000000 1680.000000 1540.000000 1940.000000
MALIGNANT 1387.000000 1814.000000 1647.000000 2074.000000
MALIGNANT 1407.000000 2027.000000 1667.000000 2287.000000
MALIGNANT 1234.000000 1934.000000 1494.000000 2194.000000
