MALIGNANT 1794.000000 1087.000000 2054.000000 1347.000000
MALIGNANT 1794.000000 1280.000000 2054.000000 1540.000000
MALIGNANT 1794.000000 1480.000000 2054.000000 1740.000000
MALIGNANT 1794.000000 1727.000000 2054.000000 1987.000000
MALIGNANT 1634.000000 1254.000000 1894.000000 1514.000000
MALIGNANT 1540.000000 1440.000000 1800.000000 1700.000000
MALIGNANT 1407.000000 1560.000000 1667.000000 1820.000000
MALIGNANT 1260.000000 1654.000000 1520.000000 1914.000000
MALIGNANT 1180.000000 1740.000000 1440.000000 2000.000000
MALIGNANT 1280.000000 1814.000000 1540.000000 2074.000000
MALIGNANT 1707.000000 1587.000000 1967.000000 1847.000000
MALIGNANT 1547.000000 1654.000000 1807.000000 1914.000000
MALIGNANT 1527.000000 1867.000000 1787.000000 2127.000000
MALIGNANT 1740.000000 1820.000000 2000.000000 2080.000000
