MALIGNANT 2167.000000 1774.000000 2427.000000 2034.000000
MALIGNANT 2060.000000 1600.000000 2320.000000 1860.000000
MALIGNANT 1994.000000 1487.000000 2254.000000 1747.000000
MALIGNANT 1674.000000 1167.000000 1934.000000 1427.000000
MALIGNANT 1734.000000 1087.000000 1994.000000 1347.000000
MALIGNANT 1967.000000 1027.000000 2227.000000 1287.000000
MALIGNANT 2174.000000 1000.000000 2434.000000 1260.000000
MALIGNANT 2294.000000 1020.000000 2554.000000 1280.000000
MALIGNANT 2360.000000 1074.000000 2620.000000 1334.000000
MALIGNANT 2354.000000 1254.000000 2614.000000 1514.000000
MALIGNANT 2327.000000 1474.000000 2587.000000 1734.000000
MALIGNANT 2247.000000 1667.000000 2507.000000 1927.000000
MALIGNANT 1900.000000 1267.000000 2160.000000 1527.000000
MALIGNANT 2127.000000 1254.000000 2387.000000 1514.000000
MALIGNANT 2260.000000 1334.000000 2520.000000 1594.000000
MALIGNANT 2047.000000 1120.000000 2307.000000 1380.000000
MALIGNANT 2047.000000 1120.000000 2307.000000 1380.000000
MALIGNANT 2114.000000 1554.000000 2374.000000 1814.000000
