MALIGNANT 1874.000000 2260.000000 2134.000000 2520.000000
MALIGNANT 1780.000000 2394.000000 2040.000000 2654.000000
MALIGNANT 1767.000000 2574.000000 2027.000000 2834.000000
MALIGNANT 1854.000000 2674.000000 2114.000000 2934.000000
MALIGNANT 2014.000000 2660.000000 2274.000000 2920.000000
MALIGNANT 2120.000000 2560.000000 2380.000000 2820.000000
MALIGNANT 2100.000000 2394.000000 2360.000000 2654.000000
MALIGNANT 2014.000000 2300.000000 2274.000000 2560.000000
MALIGNANT 1934.000000 2440.000000 2194.000000 2700.000000
MALIGNANT 1814.000000 2514.000000 2074.000000 2774.000000
