MALIGNANT 0.000000 1194.000000 260.000000 1454.000000
MALIGNANT 0.000000 1460.000000 260.000000 1720.000000
MALIGNANT 7.000000 1714.000000 267.000000 1974.000000
MALIGNANT 0.000000 1967.000000 260.000000 2227.000000
MALIGNANT 0.000000 2160.000000 260.000000 2420.000000
MALIGNANT 60.000000 2294.000000 320.000000 2554.000000
MALIGNANT 167.000000 2487.000000 427.000000 2747.000000
MALIGNANT 180.000000 2640.000000 440.000000 2900.000000
MALIGNANT 327.000000 2767.000000 587.000000 3027.000000
MALIGNANT 434.000000 2887.000000 694.000000 3147.000000
MALIGNANT 534.000000 2987.000000 794.000000 3247.000000
MALIGNANT 774.000000 3074.000000 1034.000000 3334.000000
MALIGNANT 147.000000 1314.000000 407.000000 1574.000000
MALIGNANT 120.000000 1594.000000 380.000000 1854.000000
MALIGNANT 120.000000 1867.000000 380.000000 2127.000000
MALIGNANT 160.000000 2160.000000 420.000000 2420.000000
MALIGNANT 314.000000 1427.000000 574.000000 1687.000000
MALIGNANT 494.000000 1454.000000 754.000000 1714.000000
MALIGNANT 660.000000 1507.000000 920.000000 1767.000000
MALIGNANT 800.000000 1554.000000 1060.000000 1814.000000
MALIGNANT 974.000000 1667.000000 1234.000000 1927.000000
MALIGNANT 1120.000000 1787.000000 1380.000000 2047.000000
MALIGNANT 1220.000000 1960.000000 1480.000000 2220.000000
MALIGNANT 1354.000000 2067.000000 1614.000000 2327.000000
MALIGNANT 1360.000000 2294.000000 1620.000000 2554.000000
MALIGNANT 334.000000 1627.000000 594.000000 1887.000000
MALIGNANT 547.000000 1674.000000 807.000000 1934.000000
MALIGNANT 254.000000 1974.000000 514.000000 2234.000000
MALIGNANT 367.000000 1820.000000 627.000000 2080.000000
MALIGNANT 747.000000 1760.000000 1007.000000 2020.000000
MALIGNANT 587.000000 1907.000000 847.000000 2167.000000
MALIGNANT 287.000000 2400.000000 547.000000 2660.000000
MALIGNANT 407.000000 2180.000000 667.000000 2440.000000
MALIGNANT 574.000000 2067.000000 834.000000 2327.000000
MALIGNANT 947.000000 1920.000000 1207.000000 2180.000000
MALIGNANT 1080.000000 2094.000000 1340.000000 2354.000000
MALIGNANT 794.000000 2000.000000 1054.000000 2260.000000
MALIGNANT 934.000000 2227.000000 1194.000000 2487.000000
MALIGNANT 694.000000 2220.000000 954.000000 2480.000000
MALIGNANT 480.000000 2334.000000 740.000000 2594.000000
MALIGNANT 427.000000 2574.000000 687.000000 2834.000000
MALIGNANT 554.000000 2787.000000 814.000000 3047.000000
MALIGNANT 674.000000 2554.000000 934.000000 2814.000000
MALIGNANT 794.000000 2447.000000 1054.000000 2707.000000
MALIGNANT 1120.000000 2327.000000 1380.000000 2587.000000
MALIGNANT 914.000000 2454.000000 1174.000000 2714.000000
MALIGNANT 774.000000 2727.000000 1034.000000 2987.000000
MALIGNANT 1314.000000 2460.000000 1574.000000 2720.000000
MALIGNANT 1094.000000 2527.000000 1354.000000 2787.000000
MALIGNANT 1200.000000 2620.000000 1460.000000 2880.000000
MALIGNANT 1100.000000 2754.000000 1360.000000 3014.000000
MALIGNANT 960.000000 2907.000000 1220.000000 3167.000000
MALIGNANT 780.000000 2914.000000 1040.000000 3174.000000
