MALIGNANT 2387.000000 1847.000000 2647.000000 2107.000000
MALIGNANT 2174.000000 1767.000000 2434.000000 2027.000000
MALIGNANT 1960.000000 1780.000000 2220.000000 2040.000000
MALIGNANT 1780.000000 1760.000000 2040.000000 2020.000000
MALIGNANT 1540.000000 1760.000000 1800.000000 2020.000000
MALIGNANT 1307.000000 1734.000000 1567.000000 1994.000000
MALIGNANT 1120.000000 1760.000000 1380.000000 2020.000000
MALIGNANT 967.000000 1794.000000 1227.000000 2054.000000
MALIGNANT 860.000000 1874.000000 1120.000000 2134.000000
MALIGNANT 794.000000 2100.000000 1054.000000 2360.000000
MALIGNANT 760.000000 2334.000000 1020.000000 2594.000000
MALIGNANT 754.000000 2567.000000 1014.000000 2827.000000
MALIGNANT 747.000000 2807.000000 1007.000000 3067.000000
MALIGNANT 767.000000 3020.000000 1027.000000 3280.000000
MALIGNANT 860.000000 3100.000000 1120.000000 3360.000000
MALIGNANT 1060.000000 3134.000000 1320.000000 3394.000000
MALIGNANT 1314.000000 3114.000000 1574.000000 3374.000000
MALIGNANT 1507.000000 3114.000000 1767.000000 3374.000000
MALIGNANT 1674.000000 3074.000000 1934.000000 3334.000000
MALIGNANT 1894.000000 3060.000000 2154.000000 3320.000000
MALIGNANT 2040.000000 3014.000000 2300.000000 3274.000000
MALIGNANT 2194.000000 2947.000000 2454.000000 3207.000000
MALIGNANT 2367.000000 2854.000000 2627.000000 3114.000000
MALIGNANT 2394.000000 2647.000000 2654.000000 2907.000000
MALIGNANT 2380.000000 2420.000000 2640.000000 2680.000000
MALIGNANT 2407.000000 2200.000000 2667.000000 2460.000000
MALIGNANT 2387.000000 2007.000000 2647.000000 2267.000000
MALIGNANT 1927.000000 2307.000000 2187.000000 2567.000000
MALIGNANT 1880.000000 2100.000000 2140.000000 2360.000000
MALIGNANT 2114.000000 1987.000000 2374.000000 2247.000000
MALIGNANT 2127.000000 2207.000000 2387.000000 2467.000000
MALIGNANT 2174.000000 2374.000000 2434.000000 2634.000000
MALIGNANT 2287.000000 2334.000000 2547.000000 2594.000000
MALIGNANT 1747.000000 2374.000000 2007.000000 2634.000000
MALIGNANT 1680.000000 2107.000000 1940.000000 2367.000000
MALIGNANT 1740.000000 1967.000000 2000.000000 2227.000000
MALIGNANT 1520.000000 1960.000000 1780.000000 2220.000000
MALIGNANT 1340.000000 1974.000000 1600.000000 2234.000000
MALIGNANT 1114.000000 2007.000000 1374.000000 2267.000000
MALIGNANT 1014.000000 2187.000000 1274.000000 2447.000000
MALIGNANT 967.000000 2067.000000 1227.000000 2327.000000
MALIGNANT 927.000000 2387.000000 1187.000000 2647.000000
MALIGNANT 1147.000000 2374.000000 1407.000000 2634.000000
MALIGNANT 1254.000000 2194.000000 1514.000000 2454.000000
MALIGNANT 1474.000000 2220.000000 1734.000000 2480.000000
MALIGNANT 1314.000000 2374.000000 1574.000000 2634.000000
MALIGNANT 1527.000000 2434.000000 1787.000000 2694.000000
MALIGNANT 947.000000 2614.000000 1207.000000 2874.000000
MALIGNANT 1167.000000 2520.000000 1427.000000 2780.000000
MALIGNANT 1374.000000 2600.000000 1634.000000 2860.000000
MALIGNANT 887.000000 2787.000000 1147.000000 3047.000000
MALIGNANT 987.000000 2974.000000 1247.000000 3234.000000
MALIGNANT 1134.000000 2734.000000 1394.000000 2994.000000
MALIGNANT 1214.000000 2934.000000 1474.000000 3194.000000
MALIGNANT 1440.000000 2960.000000 1700.000000 3220.000000
MALIGNANT 1314.000000 2800.000000 1574.000000 3060.000000
MALIGNANT 1660.000000 2554.000000 1920.000000 2814.000000
MALIGNANT 1494.000000 2740.000000 1754.000000 3000.000000
MALIGNANT 1514.000000 2620.000000 1774.000000 2880.000000
MALIGNANT 1640.000000 2947.000000 1900.000000 3207.000000
MALIGNANT 1740.000000 2760.000000 2000.000000 3020.000000
MALIGNANT 1854.000000 2907.000000 2114.000000 3167.000000
MALIGNANT 2007.000000 2827.000000 2267.000000 3087.000000
MALIGNANT 1840.000000 2654.000000 2100.000000 2914.000000
MALIGNANT 1900.000000 2440.000000 2160.000000 2700.000000
MALIGNANT 2007.000000 2694.000000 2267.000000 2954.000000
MALIGNANT 2160.000000 2767.000000 2420.000000 3027.000000
MALIGNANT 2140.000000 2560.000000 2400.000000 2820.000000
MALIGNANT 1594.000000 2300.000000 1854.000000 2560.000000
MALIGNANT 2000.000000 2120.000000 2260.000000 2380.000000
MALIGNANT 2214.000000 2020.000000 2474.000000 2280.000000
MALIGNANT 2327.000000 2400.000000 2587.000000 2660.000000
MALIGNANT 1567.000000 2067.000000 1827.000000 2327.000000
MALIGNANT 1807.000000 1920.000000 2067.000000 2180.000000
MALIGNANT 2020.000000 2207.000000 2280.000000 2467.000000
MALIGNANT 2054.000000 1827.000000 2314.000000 2087.000000
MALIGNANT 1674.000000 1820.000000 1934.000000 2080.000000
MALIGNANT 1354.000000 1807.000000 1614.000000 2067.000000
MALIGNANT 967.000000 1907.000000 1227.000000 2167.000000
