GOOD 140.000000 2654.000000 400.000000 2914.000000
GOOD 140.000000 2654.000000 400.000000 2914.000000
GOOD 494.000000 2534.000000 754.000000 2794.000000
GOOD 220.000000 2880.000000 480.000000 3140.000000
GOOD 140.000000 3234.000000 400.000000 3494.000000
GOOD 427.000000 3027.000000 687.000000 3287.000000
GOOD 614.000000 2800.000000 874.000000 3060.000000
GOOD 867.000000 2534.000000 1127.000000 2794.000000
GOOD 887.000000 2260.000000 1147.000000 2520.000000
GOOD 887.000000 1934.000000 1147.000000 2194.000000
GOOD 740.000000 1474.000000 1000.000000 1734.000000
GOOD 720.000000 1680.000000 980.000000 1940.000000
GOOD 287.000000 1454.000000 547.000000 1714.000000
GOOD 100.000000 1934.000000 360.000000 2194.000000
GOOD 220.000000 2367.000000 480.000000 2627.000000
GOOD 427.000000 2200.000000 687.000000 2460.000000
GOOD 100.000000 1147.000000 360.000000 1407.000000
