GOOD 2820.000000 4054.000000 3080.000000 4314.000000
GOOD 2520.000000 3974.000000 2780.000000 4234.000000
GOOD 2320.000000 3780.000000 2580.000000 4040.000000
GOOD 2020.000000 3560.000000 2280.000000 3820.000000
GOOD 1780.000000 3274.000000 2040.000000 3534.000000
GOOD 1554.000000 3027.000000 1814.000000 3287.000000
GOOD 1400.000000 2787.000000 1660.000000 3047.000000
GOOD 1287.000000 2480.000000 1547.000000 2740.000000
GOOD 1267.000000 2180.000000 1527.000000 2440.000000
GOOD 1467.000000 1940.000000 1727.000000 2200.000000
GOOD 1640.000000 1694.000000 1900.000000 1954.000000
GOOD 1867.000000 1487.000000 2127.000000 1747.000000
GOOD 2000.000000 1220.000000 2260.000000 1480.000000
GOOD 2180.000000 974.000000 2440.000000 1234.000000
GOOD 2400.000000 774.000000 2660.000000 1034.000000
GOOD 2567.000000 480.000000 2827.000000 740.000000
GOOD 2787.000000 640.000000 3047.000000 900.000000
GOOD 2767.000000 914.000000 3027.000000 1174.000000
GOOD 2820.000000 1267.000000 3080.000000 1527.000000
GOOD 2740.000000 1567.000000 3000.000000 1827.000000
GOOD 2760.000000 1820.000000 3020.000000 2080.000000
GOOD 2747.000000 2140.000000 3007.000000 2400.000000
GOOD 2747.000000 2374.000000 3007.000000 2634.000000
GOOD 2760.000000 2687.000000 3020.000000 2947.000000
GOOD 2754.000000 3020.000000 3014.000000 3280.000000
GOOD 2754.000000 3347.000000 3014.000000 3607.000000
GOOD 2747.000000 3687.000000 3007.000000 3947.000000
GOOD 2480.000000 3494.000000 2740.000000 3754.000000
GOOD 2367.000000 3214.000000 2627.000000 3474.000000
GOOD 2420.000000 2880.000000 2680.000000 3140.000000
GOOD 2440.000000 2580.000000 2700.000000 2840.000000
GOOD 2460.000000 2314.000000 2720.000000 2574.000000
GOOD 2460.000000 1900.000000 2720.000000 2160.000000
GOOD 2420.000000 1474.000000 2680.000000 1734.000000
GOOD 2460.000000 1194.000000 2720.000000 1454.000000
GOOD 2167.000000 1680.000000 2427.000000 1940.000000
GOOD 1854.000000 2080.000000 2114.000000 2340.000000
GOOD 1687.000000 2720.000000 1947.000000 2980.000000
GOOD 1900.000000 2947.000000 2160.000000 3207.000000
GOOD 2080.000000 3227.000000 2340.000000 3487.000000
GOOD 2174.000000 2700.000000 2434.000000 2960.000000
GOOD 1940.000000 2454.000000 2200.000000 2714.000000
GOOD 2200.000000 2194.000000 2460.000000 2454.000000
