MALIGNANT 1567.000000 1967.000000 1827.000000 2227.000000
MALIGNANT 1574.000000 2227.000000 1834.000000 2487.000000
MALIGNANT 1574.000000 2467.000000 1834.000000 2727.000000
MALIGNANT 1574.000000 2734.000000 1834.000000 2994.000000
MALIGNANT 1574.000000 3000.000000 1834.000000 3260.000000
MALIGNANT 1574.000000 3254.000000 1834.000000 3514.000000
MALIGNANT 1580.000000 3340.000000 1840.000000 3600.000000
MALIGNANT 1460.000000 1907.000000 1720.000000 2167.000000
MALIGNANT 1267.000000 1867.000000 1527.000000 2127.000000
MALIGNANT 1154.000000 1900.000000 1414.000000 2160.000000
MALIGNANT 1027.000000 2054.000000 1287.000000 2314.000000
MALIGNANT 1467.000000 2060.000000 1727.000000 2320.000000
MALIGNANT 1207.000000 2114.000000 1467.000000 2374.000000
MALIGNANT 967.000000 2207.000000 1227.000000 2467.000000
MALIGNANT 840.000000 2354.000000 1100.000000 2614.000000
MALIGNANT 967.000000 2554.000000 1227.000000 2814.000000
MALIGNANT 1094.000000 2407.000000 1354.000000 2667.000000
MALIGNANT 1374.000000 2267.000000 1634.000000 2527.000000
MALIGNANT 1527.000000 2387.000000 1787.000000 2647.000000
MALIGNANT 1447.000000 2567.000000 1707.000000 2827.000000
MALIGNANT 1234.000000 2494.000000 1494.000000 2754.000000
MALIGNANT 1040.000000 2700.000000 1300.000000 2960.000000
MALIGNANT 1254.000000 2634.000000 1514.000000 2894.000000
MALIGNANT 1480.000000 2820.000000 1740.000000 3080.000000
MALIGNANT 1200.000000 2780.000000 1460.000000 3040.000000
MALIGNANT 1300.000000 2854.000000 1560.000000 3114.000000
MALIGNANT 1387.000000 2934.000000 1647.000000 3194.000000
MALIGNANT 1494.000000 3040.000000 1754.000000 3300.000000
