MALIGNANT 1114.000000 3547.000000 1374.000000 3807.000000
MALIGNANT 1274.000000 3694.000000 1534.000000 3954.000000
MALIGNANT 1460.000000 3820.000000 1720.000000 4080.000000
MALIGNANT 1560.000000 3900.000000 1820.000000 4160.000000
MALIGNANT 1740.000000 4000.000000 2000.000000 4260.000000
MALIGNANT 1820.000000 3827.000000 2080.000000 4087.000000
MALIGNANT 1914.000000 4107.000000 2174.000000 4367.000000
MALIGNANT 2000.000000 3907.000000 2260.000000 4167.000000
MALIGNANT 2147.000000 4147.000000 2407.000000 4407.000000
MALIGNANT 2300.000000 4200.000000 2560.000000 4460.000000
MALIGNANT 2394.000000 4027.000000 2654.000000 4287.000000
MALIGNANT 2527.000000 3900.000000 2787.000000 4160.000000
MALIGNANT 2474.000000 3700.000000 2734.000000 3960.000000
MALIGNANT 2307.000000 3867.000000 2567.000000 4127.000000
MALIGNANT 2154.000000 3847.000000 2414.000000 4107.000000
MALIGNANT 2167.000000 4040.000000 2427.000000 4300.000000
MALIGNANT 1920.000000 3967.000000 2180.000000 4227.000000
MALIGNANT 1634.000000 3914.000000 1894.000000 4174.000000
MALIGNANT 1354.000000 3774.000000 1614.000000 4034.000000
MALIGNANT 1220.000000 3574.000000 1480.000000 3834.000000
MALIGNANT 2380.000000 3807.000000 2640.000000 4067.000000
