GOOD 1720.000000 1774.000000 1980.000000 2034.000000
GOOD 1540.000000 2040.000000 1800.000000 2300.000000
GOOD 1574.000000 2347.000000 1834.000000 2607.000000
GOOD 1880.000000 2360.000000 2140.000000 2620.000000
GOOD 2207.000000 2300.000000 2467.000000 2560.000000
GOOD 2220.000000 1980.000000 2480.000000 2240.000000
GOOD 2014.000000 1687.000000 2274.000000 1947.000000
GOOD 2400.000000 1674.000000 2660.000000 1934.000000
GOOD 2347.000000 1387.000000 2607.000000 1647.000000
GOOD 2474.000000 1167.000000 2734.000000 1427.000000
GOOD 2500.000000 967.000000 2760.000000 1227.000000
GOOD 2147.000000 860.000000 2407.000000 1120.000000
GOOD 2027.000000 1134.000000 2287.000000 1394.000000
GOOD 2014.000000 1387.000000 2274.000000 1647.000000
GOOD 1707.000000 1247.000000 1967.000000 1507.000000
GOOD 1767.000000 880.000000 2027.000000 1140.000000
GOOD 1500.000000 1040.000000 1760.000000 1300.000000
GOOD 1207.000000 1334.000000 1467.000000 1594.000000
GOOD 1507.000000 1460.000000 1767.000000 1720.000000
GOOD 1060.000000 1600.000000 1320.000000 1860.000000
GOOD 920.000000 1907.000000 1180.000000 2167.000000
GOOD 760.000000 2234.000000 1020.000000 2494.000000
GOOD 774.000000 2454.000000 1034.000000 2714.000000
GOOD 800.000000 2700.000000 1060.000000 2960.000000
GOOD 900.000000 2920.000000 1160.000000 3180.000000
GOOD 1074.000000 3167.000000 1334.000000 3427.000000
GOOD 1254.000000 3374.000000 1514.000000 3634.000000
GOOD 1514.000000 3614.000000 1774.000000 3874.000000
GOOD 1714.000000 3834.000000 1974.000000 4094.000000
GOOD 2014.000000 3887.000000 2274.000000 4147.000000
GOOD 2287.000000 3860.000000 2547.000000 4120.000000
GOOD 2440.000000 3647.000000 2700.000000 3907.000000
GOOD 2487.000000 3347.000000 2747.000000 3607.000000
GOOD 2427.000000 3100.000000 2687.000000 3360.000000
GOOD 2474.000000 2740.000000 2734.000000 3000.000000
GOOD 2240.000000 2627.000000 2500.000000 2887.000000
GOOD 2100.000000 2834.000000 2360.000000 3094.000000
GOOD 2007.000000 3194.000000 2267.000000 3454.000000
GOOD 2087.000000 3487.000000 2347.000000 3747.000000
GOOD 1754.000000 3440.000000 2014.000000 3700.000000
GOOD 1654.000000 3287.000000 1914.000000 3547.000000
GOOD 1754.000000 3020.000000 2014.000000 3280.000000
GOOD 1800.000000 2687.000000 2060.000000 2947.000000
GOOD 1500.000000 2914.000000 1760.000000 3174.000000
GOOD 1447.000000 2640.000000 1707.000000 2900.000000
GOOD 1207.000000 2720.000000 1467.000000 2980.000000
GOOD 1167.000000 2347.000000 1427.000000 2607.000000
GOOD 1267.000000 2000.000000 1527.000000 2260.000000
GOOD 1354.000000 1694.000000 1614.000000 1954.000000
