MALIGNANT 267.000000 1300.000000 527.000000 1560.000000
MALIGNANT 334.000000 1427.000000 594.000000 1687.000000
MALIGNANT 407.000000 1587.000000 667.000000 1847.000000
MALIGNANT 514.000000 1787.000000 774.000000 2047.000000
MALIGNANT 527.000000 1987.000000 787.000000 2247.000000
MALIGNANT 574.000000 2160.000000 834.000000 2420.000000
MALIGNANT 614.000000 2407.000000 874.000000 2667.000000
MALIGNANT 600.000000 2620.000000 860.000000 2880.000000
MALIGNANT 520.000000 2767.000000 780.000000 3027.000000
MALIGNANT 427.000000 2867.000000 687.000000 3127.000000
MALIGNANT 387.000000 2987.000000 647.000000 3247.000000
MALIGNANT 207.000000 2767.000000 467.000000 3027.000000
MALIGNANT 420.000000 2614.000000 680.000000 2874.000000
MALIGNANT 187.000000 2607.000000 447.000000 2867.000000
MALIGNANT 454.000000 2320.000000 714.000000 2580.000000
MALIGNANT 347.000000 2460.000000 607.000000 2720.000000
MALIGNANT 480.000000 2094.000000 740.000000 2354.000000
MALIGNANT 334.000000 2134.000000 594.000000 2394.000000
MALIGNANT 280.000000 1694.000000 540.000000 1954.000000
MALIGNANT 367.000000 1807.000000 627.000000 2067.000000
MALIGNANT 514.000000 2180.000000 774.000000 2440.000000
MALIGNANT 574.000000 2594.000000 834.000000 2854.000000
MALIGNANT 7.000000 820.000000 267.000000 1080.000000
MALIGNANT 14.000000 1027.000000 274.000000 1287.000000
MALIGNANT 7.000000 1207.000000 267.000000 1467.000000
MALIGNANT 7.000000 1414.000000 267.000000 1674.000000
MALIGNANT 7.000000 1594.000000 267.000000 1854.000000
MALIGNANT 140.000000 934.000000 400.000000 1194.000000
MALIGNANT 247.000000 1114.000000 507.000000 1374.000000
MALIGNANT 7.000000 1807.000000 267.000000 2067.000000
MALIGNANT 14.000000 2000.000000 274.000000 2260.000000
MALIGNANT 0.000000 2174.000000 260.000000 2434.000000
MALIGNANT 127.000000 2134.000000 387.000000 2394.000000
MALIGNANT 154.000000 1947.000000 414.000000 2207.000000
MALIGNANT 14.000000 2394.000000 274.000000 2654.000000
MALIGNANT 174.000000 2327.000000 434.000000 2587.000000
MALIGNANT 14.000000 2614.000000 274.000000 2874.000000
MALIGNANT 14.000000 2847.000000 274.000000 3107.000000
MALIGNANT 14.000000 3080.000000 274.000000 3340.000000
MALIGNANT 14.000000 3320.000000 274.000000 3580.000000
MALIGNANT 14.000000 3380.000000 274.000000 3640.000000
MALIGNANT 147.000000 3274.000000 407.000000 3534.000000
MALIGNANT 340.000000 3140.000000 600.000000 3400.000000
MALIGNANT 200.000000 2994.000000 460.000000 3254.000000
MALIGNANT 80.000000 2994.000000 340.000000 3254.000000
MALIGNANT 80.000000 2714.000000 340.000000 2974.000000
MALIGNANT 100.000000 2480.000000 360.000000 2740.000000
MALIGNANT 114.000000 1727.000000 374.000000 1987.000000
MALIGNANT 120.000000 1474.000000 380.000000 1734.000000
MALIGNANT 87.000000 1274.000000 347.000000 1534.000000
MALIGNANT 54.000000 994.000000 314.000000 1254.000000
MALIGNANT 54.000000 854.000000 314.000000 1114.000000
