MALIGNANT 2334.000000 1580.000000 2594.000000 1840.000000
MALIGNANT 2260.000000 1680.000000 2520.000000 1940.000000
MALIGNANT 2174.000000 1834.000000 2434.000000 2094.000000
MALIGNANT 2094.000000 2014.000000 2354.000000 2274.000000
MALIGNANT 2014.000000 2207.000000 2274.000000 2467.000000
MALIGNANT 1820.000000 2407.000000 2080.000000 2667.000000
MALIGNANT 1754.000000 2554.000000 2014.000000 2814.000000
MALIGNANT 1860.000000 2667.000000 2120.000000 2927.000000
MALIGNANT 2060.000000 2794.000000 2320.000000 3054.000000
MALIGNANT 2240.000000 2880.000000 2500.000000 3140.000000
MALIGNANT 2434.000000 2934.000000 2694.000000 3194.000000
MALIGNANT 2614.000000 2940.000000 2874.000000 3200.000000
MALIGNANT 2714.000000 2754.000000 2974.000000 3014.000000
MALIGNANT 2514.000000 2740.000000 2774.000000 3000.000000
MALIGNANT 2314.000000 2707.000000 2574.000000 2967.000000
MALIGNANT 2114.000000 2594.000000 2374.000000 2854.000000
MALIGNANT 2020.000000 2414.000000 2280.000000 2674.000000
MALIGNANT 2220.000000 2220.000000 2480.000000 2480.000000
MALIGNANT 2354.000000 2027.000000 2614.000000 2287.000000
MALIGNANT 2427.000000 1827.000000 2687.000000 2087.000000
MALIGNANT 2500.000000 1794.000000 2760.000000 2054.000000
MALIGNANT 2614.000000 1874.000000 2874.000000 2134.000000
MALIGNANT 2494.000000 2080.000000 2754.000000 2340.000000
MALIGNANT 2674.000000 2080.000000 2934.000000 2340.000000
MALIGNANT 2380.000000 2254.000000 2640.000000 2514.000000
MALIGNANT 2240.000000 2454.000000 2500.000000 2714.000000
MALIGNANT 2460.000000 2567.000000 2720.000000 2827.000000
MALIGNANT 2454.000000 2420.000000 2714.000000 2680.000000
MALIGNANT 2614.000000 2247.000000 2874.000000 2507.000000
MALIGNANT 2714.000000 2340.000000 2974.000000 2600.000000
MALIGNANT 2800.000000 2474.000000 3060.000000 2734.000000
MALIGNANT 2787.000000 2654.000000 3047.000000 2914.000000
MALIGNANT 2647.000000 2554.000000 2907.000000 2814.000000
