MALIGNANT 1914.000000 2254.000000 2174.000000 2514.000000
MALIGNANT 1767.000000 2294.000000 2027.000000 2554.000000
MALIGNANT 1674.000000 2500.000000 1934.000000 2760.000000
MALIGNANT 1660.000000 2747.000000 1920.000000 3007.000000
MALIGNANT 1627.000000 2960.000000 1887.000000 3220.000000
MALIGNANT 1567.000000 3127.000000 1827.000000 3387.000000
MALIGNANT 1507.000000 3274.000000 1767.000000 3534.000000
MALIGNANT 1320.000000 3220.000000 1580.000000 3480.000000
MALIGNANT 1247.000000 3067.000000 1507.000000 3327.000000
MALIGNANT 1160.000000 2914.000000 1420.000000 3174.000000
MALIGNANT 1120.000000 2754.000000 1380.000000 3014.000000
MALIGNANT 1207.000000 2600.000000 1467.000000 2860.000000
MALIGNANT 1300.000000 2427.000000 1560.000000 2687.000000
MALIGNANT 1394.000000 2307.000000 1654.000000 2567.000000
MALIGNANT 1534.000000 2300.000000 1794.000000 2560.000000
MALIGNANT 1540.000000 2480.000000 1800.000000 2740.000000
MALIGNANT 1320.000000 2667.000000 1580.000000 2927.000000
MALIGNANT 1514.000000 2747.000000 1774.000000 3007.000000
MALIGNANT 1374.000000 2860.000000 1634.000000 3120.000000
MALIGNANT 1480.000000 3054.000000 1740.000000 3314.000000
MALIGNANT 1587.000000 2614.000000 1847.000000 2874.000000
