MALIGNANT 2020.000000 1234.000000 2280.000000 1494.000000
MALIGNANT 1814.000000 1267.000000 2074.000000 1527.000000
MALIGNANT 1667.000000 1307.000000 1927.000000 1567.000000
MALIGNANT 1520.000000 1380.000000 1780.000000 1640.000000
MALIGNANT 1374.000000 1454.000000 1634.000000 1714.000000
MALIGNANT 1260.000000 1574.000000 1520.000000 1834.000000
MALIGNANT 1114.000000 1667.000000 1374.000000 1927.000000
MALIGNANT 1007.000000 1800.000000 1267.000000 2060.000000
MALIGNANT 900.000000 1920.000000 1160.000000 2180.000000
MALIGNANT 807.000000 2060.000000 1067.000000 2320.000000
MALIGNANT 694.000000 2160.000000 954.000000 2420.000000
MALIGNANT 627.000000 2327.000000 887.000000 2587.000000
MALIGNANT 547.000000 2480.000000 807.000000 2740.000000
MALIGNANT 534.000000 2694.000000 794.000000 2954.000000
MALIGNANT 714.000000 2787.000000 974.000000 3047.000000
MALIGNANT 920.000000 2794.000000 1180.000000 3054.000000
MALIGNANT 740.000000 2607.000000 1000.000000 2867.000000
MALIGNANT 760.000000 2407.000000 1020.000000 2667.000000
MALIGNANT 887.000000 2227.000000 1147.000000 2487.000000
MALIGNANT 954.000000 2700.000000 1214.000000 2960.000000
MALIGNANT 907.000000 2467.000000 1167.000000 2727.000000
MALIGNANT 1127.000000 2760.000000 1387.000000 3020.000000
MALIGNANT 1094.000000 2594.000000 1354.000000 2854.000000
MALIGNANT 1034.000000 2427.000000 1294.000000 2687.000000
MALIGNANT 980.000000 2240.000000 1240.000000 2500.000000
MALIGNANT 1060.000000 2007.000000 1320.000000 2267.000000
MALIGNANT 1254.000000 1814.000000 1514.000000 2074.000000
MALIGNANT 1440.000000 1694.000000 1700.000000 1954.000000
MALIGNANT 1627.000000 1640.000000 1887.000000 1900.000000
MALIGNANT 1754.000000 1487.000000 2014.000000 1747.000000
MALIGNANT 1954.000000 1427.000000 2214.000000 1687.000000
MALIGNANT 2147.000000 1287.000000 2407.000000 1547.000000
MALIGNANT 2220.000000 1387.000000 2480.000000 1647.000000
MALIGNANT 2087.000000 1507.000000 2347.000000 1767.000000
MALIGNANT 1900.000000 1647.000000 2160.000000 1907.000000
MALIGNANT 1734.000000 1700.000000 1994.000000 1960.000000
MALIGNANT 1567.000000 1880.000000 1827.000000 2140.000000
MALIGNANT 1394.000000 1934.000000 1654.000000 2194.000000
MALIGNANT 1220.000000 2080.000000 1480.000000 2340.000000
MALIGNANT 1174.000000 2300.000000 1434.000000 2560.000000
MALIGNANT 1294.000000 2507.000000 1554.000000 2767.000000
MALIGNANT 1387.000000 2674.000000 1647.000000 2934.000000
MALIGNANT 1534.000000 2554.000000 1794.000000 2814.000000
MALIGNANT 1440.000000 2360.000000 1700.000000 2620.000000
MALIGNANT 1367.000000 2174.000000 1627.000000 2434.000000
MALIGNANT 1654.000000 2054.000000 1914.000000 2314.000000
MALIGNANT 1574.000000 2214.000000 1834.000000 2474.000000
MALIGNANT 1694.000000 2434.000000 1954.000000 2694.000000
MALIGNANT 1900.000000 2307.000000 2160.000000 2567.000000
MALIGNANT 1807.000000 2187.000000 2067.000000 2447.000000
MALIGNANT 1800.000000 1840.000000 2060.000000 2100.000000
MALIGNANT 1927.000000 2020.000000 2187.000000 2280.000000
MALIGNANT 2000.000000 2154.000000 2260.000000 2414.000000
MALIGNANT 2154.000000 1954.000000 2414.000000 2214.000000
MALIGNANT 1987.000000 1800.000000 2247.000000 2060.000000
MALIGNANT 2227.000000 1594.000000 2487.000000 1854.000000
MALIGNANT 2207.000000 1767.000000 2467.000000 2027.000000
MALIGNANT 2094.000000 1647.000000 2354.000000 1907.000000
