MALIGNANT 2174.000000 2207.000000 2434.000000 2467.000000
MALIGNANT 1960.000000 2240.000000 2220.000000 2500.000000
MALIGNANT 1840.000000 2340.000000 2100.000000 2600.000000
MALIGNANT 1760.000000 2494.000000 2020.000000 2754.000000
MALIGNANT 1787.000000 2727.000000 2047.000000 2987.000000
MALIGNANT 1867.000000 2834.000000 2127.000000 3094.000000
MALIGNANT 2020.000000 2880.000000 2280.000000 3140.000000
MALIGNANT 2180.000000 2894.000000 2440.000000 3154.000000
MALIGNANT 2280.000000 2840.000000 2540.000000 3100.000000
MALIGNANT 2374.000000 2780.000000 2634.000000 3040.000000
MALIGNANT 2447.000000 2714.000000 2707.000000 2974.000000
MALIGNANT 2427.000000 2494.000000 2687.000000 2754.000000
MALIGNANT 2340.000000 2307.000000 2600.000000 2567.000000
MALIGNANT 2207.000000 2340.000000 2467.000000 2600.000000
MALIGNANT 2007.000000 2407.000000 2267.000000 2667.000000
MALIGNANT 1954.000000 2627.000000 2214.000000 2887.000000
MALIGNANT 2147.000000 2727.000000 2407.000000 2987.000000
MALIGNANT 2307.000000 2547.000000 2567.000000 2807.000000
MALIGNANT 2260.000000 2254.000000 2520.000000 2514.000000
MALIGNANT 2087.000000 2820.000000 2347.000000 3080.000000
MALIGNANT 1820.000000 2627.000000 2080.000000 2887.000000
MALIGNANT 1894.000000 2474.000000 2154.000000 2734.000000
MALIGNANT 2040.000000 2320.000000 2300.000000 2580.000000
MALIGNANT 2327.000000 2647.000000 2587.000000 2907.000000
MALIGNANT 2154.000000 2687.000000 2414.000000 2947.000000
MALIGNANT 1960.000000 2580.000000 2220.000000 2840.000000
MALIGNANT 2214.000000 2594.000000 2474.000000 2854.000000
