MALIGNANT 7.000000 2667.000000 267.000000 2927.000000
MALIGNANT 40.000000 2500.000000 300.000000 2760.000000
MALIGNANT 114.000000 2407.000000 374.000000 2667.000000
MALIGNANT 220.000000 2327.000000 480.000000 2587.000000
MALIGNANT 287.000000 2254.000000 547.000000 2514.000000
MALIGNANT 420.000000 2140.000000 680.000000 2400.000000
MALIGNANT 640.000000 2087.000000 900.000000 2347.000000
MALIGNANT 787.000000 2100.000000 1047.000000 2360.000000
MALIGNANT 967.000000 2160.000000 1227.000000 2420.000000
MALIGNANT 1120.000000 2240.000000 1380.000000 2500.000000
MALIGNANT 1194.000000 2334.000000 1454.000000 2594.000000
MALIGNANT 1320.000000 2474.000000 1580.000000 2734.000000
MALIGNANT 60.000000 2774.000000 320.000000 3034.000000
MALIGNANT 147.000000 2927.000000 407.000000 3187.000000
MALIGNANT 267.000000 3047.000000 527.000000 3307.000000
MALIGNANT 440.000000 3167.000000 700.000000 3427.000000
MALIGNANT 600.000000 3247.000000 860.000000 3507.000000
MALIGNANT 800.000000 3220.000000 1060.000000 3480.000000
MALIGNANT 940.000000 3127.000000 1200.000000 3387.000000
MALIGNANT 1067.000000 3040.000000 1327.000000 3300.000000
MALIGNANT 1207.000000 2947.000000 1467.000000 3207.000000
MALIGNANT 1314.000000 2794.000000 1574.000000 3054.000000
MALIGNANT 1320.000000 2660.000000 1580.000000 2920.000000
MALIGNANT 254.000000 2547.000000 514.000000 2807.000000
MALIGNANT 280.000000 2780.000000 540.000000 3040.000000
MALIGNANT 407.000000 2620.000000 667.000000 2880.000000
MALIGNANT 507.000000 2367.000000 767.000000 2627.000000
MALIGNANT 660.000000 2320.000000 920.000000 2580.000000
MALIGNANT 867.000000 2354.000000 1127.000000 2614.000000
MALIGNANT 1014.000000 2494.000000 1274.000000 2754.000000
MALIGNANT 1100.000000 2587.000000 1360.000000 2847.000000
MALIGNANT 1020.000000 2794.000000 1280.000000 3054.000000
MALIGNANT 887.000000 2654.000000 1147.000000 2914.000000
MALIGNANT 694.000000 2520.000000 954.000000 2780.000000
MALIGNANT 574.000000 2740.000000 834.000000 3000.000000
MALIGNANT 474.000000 2954.000000 734.000000 3214.000000
MALIGNANT 727.000000 3014.000000 987.000000 3274.000000
MALIGNANT 800.000000 2847.000000 1060.000000 3107.000000
MALIGNANT 607.000000 2874.000000 867.000000 3134.000000
