MALIGNANT 2034.000000 1114.000000 2294.000000 1374.000000
MALIGNANT 2214.000000 1107.000000 2474.000000 1367.000000
MALIGNANT 1940.000000 1207.000000 2200.000000 1467.000000
MALIGNANT 1880.000000 1334.000000 2140.000000 1594.000000
MALIGNANT 1854.000000 1507.000000 2114.000000 1767.000000
MALIGNANT 1974.000000 1600.000000 2234.000000 1860.000000
MALIGNANT 2140.000000 1547.000000 2400.000000 1807.000000
MALIGNANT 2027.000000 1374.000000 2287.000000 1634.000000
MALIGNANT 2207.000000 1400.000000 2467.000000 1660.000000
MALIGNANT 2240.000000 1240.000000 2500.000000 1500.000000
MALIGNANT 2027.000000 1340.000000 2287.000000 1600.000000
