GOOD 1867.000000 3160.000000 2127.000000 3420.000000
GOOD 2147.000000 3060.000000 2407.000000 3320.000000
GOOD 2434.000000 2874.000000 2694.000000 3134.000000
GOOD 2587.000000 3120.000000 2847.000000 3380.000000
GOOD 2494.000000 3387.000000 2754.000000 3647.000000
GOOD 2407.000000 3674.000000 2667.000000 3934.000000
GOOD 1374.000000 3480.000000 1634.000000 3740.000000
GOOD 1760.000000 3547.000000 2020.000000 3807.000000
GOOD 2060.000000 3507.000000 2320.000000 3767.000000
GOOD 2080.000000 3774.000000 2340.000000 4034.000000
GOOD 2287.000000 4027.000000 2547.000000 4287.000000
GOOD 2074.000000 4254.000000 2334.000000 4514.000000
GOOD 1860.000000 4440.000000 2120.000000 4700.000000
GOOD 1614.000000 4700.000000 1874.000000 4960.000000
GOOD 1360.000000 4907.000000 1620.000000 5167.000000
GOOD 1080.000000 4987.000000 1340.000000 5247.000000
GOOD 740.000000 5074.000000 1000.000000 5334.000000
GOOD 434.000000 5180.000000 694.000000 5440.000000
GOOD 107.000000 5220.000000 367.000000 5480.000000
GOOD 140.000000 4840.000000 400.000000 5100.000000
GOOD 447.000000 4834.000000 707.000000 5094.000000
GOOD 720.000000 4654.000000 980.000000 4914.000000
GOOD 1107.000000 4607.000000 1367.000000 4867.000000
GOOD 1347.000000 4480.000000 1607.000000 4740.000000
GOOD 1674.000000 4234.000000 1934.000000 4494.000000
GOOD 1734.000000 3934.000000 1994.000000 4194.000000
GOOD 1434.000000 3834.000000 1694.000000 4094.000000
GOOD 1340.000000 4087.000000 1600.000000 4347.000000
GOOD 1094.000000 4227.000000 1354.000000 4487.000000
GOOD 1000.000000 4027.000000 1260.000000 4287.000000
GOOD 1134.000000 3754.000000 1394.000000 4014.000000
GOOD 1020.000000 3534.000000 1280.000000 3794.000000
GOOD 754.000000 3240.000000 1014.000000 3500.000000
GOOD 720.000000 3494.000000 980.000000 3754.000000
GOOD 680.000000 3887.000000 940.000000 4147.000000
GOOD 780.000000 4207.000000 1040.000000 4467.000000
GOOD 434.000000 4507.000000 694.000000 4767.000000
GOOD 407.000000 4220.000000 667.000000 4480.000000
GOOD 180.000000 4014.000000 440.000000 4274.000000
GOOD 360.000000 3667.000000 620.000000 3927.000000
GOOD 220.000000 3487.000000 480.000000 3747.000000
GOOD 360.000000 3254.000000 620.000000 3514.000000
GOOD 420.000000 2914.000000 680.000000 3174.000000
GOOD 320.000000 2634.000000 580.000000 2894.000000
GOOD 360.000000 2374.000000 620.000000 2634.000000
GOOD 127.000000 2374.000000 387.000000 2634.000000
GOOD 207.000000 2174.000000 467.000000 2434.000000
GOOD 154.000000 1814.000000 414.000000 2074.000000
GOOD 140.000000 1414.000000 400.000000 1674.000000
GOOD 300.000000 767.000000 560.000000 1027.000000
GOOD 654.000000 820.000000 914.000000 1080.000000
GOOD 967.000000 1040.000000 1227.000000 1300.000000
GOOD 1400.000000 1287.000000 1660.000000 1547.000000
GOOD 1674.000000 1414.000000 1934.000000 1674.000000
GOOD 1927.000000 1587.000000 2187.000000 1847.000000
GOOD 2174.000000 1800.000000 2434.000000 2060.000000
GOOD 2414.000000 1987.000000 2674.000000 2247.000000
GOOD 2554.000000 2287.000000 2814.000000 2547.000000
GOOD 2694.000000 2574.000000 2954.000000 2834.000000
GOOD 2427.000000 2547.000000 2687.000000 2807.000000
GOOD 2127.000000 2640.000000 2387.000000 2900.000000
GOOD 1807.000000 2834.000000 2067.000000 3094.000000
GOOD 1847.000000 2480.000000 2107.000000 2740.000000
GOOD 2167.000000 2280.000000 2427.000000 2540.000000
GOOD 1880.000000 2047.000000 2140.000000 2307.000000
GOOD 1607.000000 1807.000000 1867.000000 2067.000000
GOOD 1274.000000 1600.000000 1534.000000 1860.000000
GOOD 1027.000000 1467.000000 1287.000000 1727.000000
GOOD 760.000000 1307.000000 1020.000000 1567.000000
GOOD 440.000000 1134.000000 700.000000 1394.000000
GOOD 420.000000 1420.000000 680.000000 1680.000000
GOOD 647.000000 1660.000000 907.000000 1920.000000
GOOD 980.000000 1800.000000 1240.000000 2060.000000
GOOD 1187.000000 2020.000000 1447.000000 2280.000000
GOOD 1494.000000 2220.000000 1754.000000 2480.000000
GOOD 1347.000000 2514.000000 1607.000000 2774.000000
GOOD 1014.000000 2454.000000 1274.000000 2714.000000
GOOD 834.000000 2107.000000 1094.000000 2367.000000
GOOD 680.000000 2460.000000 940.000000 2720.000000
GOOD 540.000000 2034.000000 800.000000 2294.000000
