MALIGNANT 2420.000000 1200.000000 2680.000000 1460.000000
MALIGNANT 2414.000000 1420.000000 2674.000000 1680.000000
MALIGNANT 2414.000000 1647.000000 2674.000000 1907.000000
MALIGNANT 2407.000000 1867.000000 2667.000000 2127.000000
MALIGNANT 2260.000000 1907.000000 2520.000000 2167.000000
MALIGNANT 2114.000000 1880.000000 2374.000000 2140.000000
MALIGNANT 2007.000000 1820.000000 2267.000000 2080.000000
MALIGNANT 1960.000000 1660.000000 2220.000000 1920.000000
MALIGNANT 2160.000000 1700.000000 2420.000000 1960.000000
MALIGNANT 2247.000000 1500.000000 2507.000000 1760.000000
MALIGNANT 2227.000000 1234.000000 2487.000000 1494.000000
MALIGNANT 2060.000000 1360.000000 2320.000000 1620.000000
MALIGNANT 2000.000000 1500.000000 2260.000000 1760.000000
MALIGNANT 2380.000000 1494.000000 2640.000000 1754.000000
MALIGNANT 2260.000000 1720.000000 2520.000000 1980.000000
