MALIGNANT 1427.000000 2134.000000 1687.000000 2394.000000
MALIGNANT 1407.000000 1954.000000 1667.000000 2214.000000
MALIGNANT 1280.000000 1894.000000 1540.000000 2154.000000
MALIGNANT 1200.000000 1780.000000 1460.000000 2040.000000
MALIGNANT 967.000000 1727.000000 1227.000000 1987.000000
MALIGNANT 814.000000 1567.000000 1074.000000 1827.000000
MALIGNANT 620.000000 1434.000000 880.000000 1694.000000
MALIGNANT 400.000000 1347.000000 660.000000 1607.000000
MALIGNANT 247.000000 1394.000000 507.000000 1654.000000
MALIGNANT 274.000000 1620.000000 534.000000 1880.000000
MALIGNANT 360.000000 1834.000000 620.000000 2094.000000
MALIGNANT 394.000000 2060.000000 654.000000 2320.000000
MALIGNANT 407.000000 2207.000000 667.000000 2467.000000
MALIGNANT 574.000000 2260.000000 834.000000 2520.000000
MALIGNANT 814.000000 2267.000000 1074.000000 2527.000000
MALIGNANT 1047.000000 2274.000000 1307.000000 2534.000000
MALIGNANT 1280.000000 2294.000000 1540.000000 2554.000000
MALIGNANT 1420.000000 2240.000000 1680.000000 2500.000000
MALIGNANT 487.000000 1594.000000 747.000000 1854.000000
MALIGNANT 547.000000 1914.000000 807.000000 2174.000000
MALIGNANT 694.000000 2114.000000 954.000000 2374.000000
MALIGNANT 934.000000 2080.000000 1194.000000 2340.000000
MALIGNANT 1200.000000 2074.000000 1460.000000 2334.000000
MALIGNANT 1080.000000 1887.000000 1340.000000 2147.000000
MALIGNANT 814.000000 1860.000000 1074.000000 2120.000000
MALIGNANT 680.000000 1720.000000 940.000000 1980.000000
MALIGNANT 360.000000 1440.000000 620.000000 1700.000000
