GOOD 2727.000000 2267.000000 2987.000000 2527.000000
GOOD 2387.000000 2107.000000 2647.000000 2367.000000
GOOD 2360.000000 1754.000000 2620.000000 2014.000000
GOOD 2720.000000 1614.000000 2980.000000 1874.000000
GOOD 2774.000000 1307.000000 3034.000000 1567.000000
GOOD 2820.000000 974.000000 3080.000000 1234.000000
GOOD 2827.000000 674.000000 3087.000000 934.000000
GOOD 2914.000000 327.000000 3174.000000 587.000000
GOOD 2560.000000 387.000000 2820.000000 647.000000
GOOD 2274.000000 740.000000 2534.000000 1000.000000
GOOD 2000.000000 940.000000 2260.000000 1200.000000
GOOD 1774.000000 1180.000000 2034.000000 1440.000000
GOOD 1527.000000 1500.000000 1787.000000 1760.000000
GOOD 1314.000000 1734.000000 1574.000000 1994.000000
GOOD 1114.000000 2000.000000 1374.000000 2260.000000
GOOD 967.000000 2320.000000 1227.000000 2580.000000
GOOD 960.000000 2620.000000 1220.000000 2880.000000
GOOD 980.000000 2900.000000 1240.000000 3160.000000
GOOD 960.000000 3214.000000 1220.000000 3474.000000
GOOD 1074.000000 3507.000000 1334.000000 3767.000000
GOOD 1327.000000 3680.000000 1587.000000 3940.000000
GOOD 1547.000000 3894.000000 1807.000000 4154.000000
GOOD 1807.000000 4094.000000 2067.000000 4354.000000
GOOD 2040.000000 4280.000000 2300.000000 4540.000000
GOOD 2300.000000 4427.000000 2560.000000 4687.000000
GOOD 2540.000000 4580.000000 2800.000000 4840.000000
GOOD 2827.000000 4687.000000 3087.000000 4947.000000
GOOD 2820.000000 4320.000000 3080.000000 4580.000000
GOOD 2774.000000 3987.000000 3034.000000 4247.000000
GOOD 2794.000000 3714.000000 3054.000000 3974.000000
GOOD 2754.000000 3340.000000 3014.000000 3600.000000
GOOD 2854.000000 3027.000000 3114.000000 3287.000000
GOOD 2734.000000 2714.000000 2994.000000 2974.000000
GOOD 2534.000000 3007.000000 2794.000000 3267.000000
GOOD 2487.000000 3360.000000 2747.000000 3620.000000
GOOD 2454.000000 3640.000000 2714.000000 3900.000000
GOOD 2434.000000 4020.000000 2694.000000 4280.000000
GOOD 2120.000000 3934.000000 2380.000000 4194.000000
GOOD 1954.000000 3707.000000 2214.000000 3967.000000
GOOD 1687.000000 3540.000000 1947.000000 3800.000000
GOOD 1420.000000 3307.000000 1680.000000 3567.000000
GOOD 1280.000000 3087.000000 1540.000000 3347.000000
GOOD 1240.000000 2707.000000 1500.000000 2967.000000
GOOD 1287.000000 2467.000000 1547.000000 2727.000000
GOOD 1394.000000 2134.000000 1654.000000 2394.000000
GOOD 1574.000000 2547.000000 1834.000000 2807.000000
GOOD 1540.000000 2827.000000 1800.000000 3087.000000
GOOD 1607.000000 3114.000000 1867.000000 3374.000000
GOOD 1874.000000 3334.000000 2134.000000 3594.000000
GOOD 2154.000000 3474.000000 2414.000000 3734.000000
GOOD 2180.000000 3147.000000 2440.000000 3407.000000
GOOD 1967.000000 2947.000000 2227.000000 3207.000000
GOOD 2254.000000 2787.000000 2514.000000 3047.000000
GOOD 2414.000000 2427.000000 2674.000000 2687.000000
GOOD 1920.000000 2640.000000 2180.000000 2900.000000
GOOD 2040.000000 2354.000000 2300.000000 2614.000000
GOOD 1820.000000 2214.000000 2080.000000 2474.000000
GOOD 1647.000000 1900.000000 1907.000000 2160.000000
GOOD 1887.000000 1914.000000 2147.000000 2174.000000
GOOD 1887.000000 1614.000000 2147.000000 1874.000000
GOOD 2167.000000 1467.000000 2427.000000 1727.000000
GOOD 2107.000000 1187.000000 2367.000000 1447.000000
GOOD 2474.000000 1360.000000 2734.000000 1620.000000
GOOD 2387.000000 1034.000000 2647.000000 1294.000000
GOOD 2054.000000 2147.000000 2314.000000 2407.000000
