MALIGNANT 134.000000 1167.000000 394.000000 1427.000000
MALIGNANT 67.000000 1340.000000 327.000000 1600.000000
MALIGNANT 80.000000 1587.000000 340.000000 1847.000000
MALIGNANT 80.000000 1807.000000 340.000000 2067.000000
MALIGNANT 134.000000 1934.000000 394.000000 2194.000000
MALIGNANT 307.000000 1980.000000 567.000000 2240.000000
MALIGNANT 514.000000 1967.000000 774.000000 2227.000000
MALIGNANT 640.000000 2000.000000 900.000000 2260.000000
MALIGNANT 707.000000 2120.000000 967.000000 2380.000000
MALIGNANT 834.000000 2200.000000 1094.000000 2460.000000
MALIGNANT 1067.000000 2267.000000 1327.000000 2527.000000
MALIGNANT 1307.000000 2307.000000 1567.000000 2567.000000
MALIGNANT 1374.000000 2280.000000 1634.000000 2540.000000
MALIGNANT 1327.000000 2167.000000 1587.000000 2427.000000
MALIGNANT 1240.000000 2047.000000 1500.000000 2307.000000
MALIGNANT 1154.000000 1940.000000 1414.000000 2200.000000
MALIGNANT 1080.000000 1794.000000 1340.000000 2054.000000
MALIGNANT 994.000000 1694.000000 1254.000000 1954.000000
MALIGNANT 867.000000 1620.000000 1127.000000 1880.000000
MALIGNANT 347.000000 1220.000000 607.000000 1480.000000
MALIGNANT 200.000000 1400.000000 460.000000 1660.000000
MALIGNANT 547.000000 1340.000000 807.000000 1600.000000
MALIGNANT 447.000000 1474.000000 707.000000 1734.000000
MALIGNANT 214.000000 1627.000000 474.000000 1887.000000
MALIGNANT 380.000000 1834.000000 640.000000 2094.000000
MALIGNANT 1060.000000 2094.000000 1320.000000 2354.000000
MALIGNANT 874.000000 1954.000000 1134.000000 2214.000000
MALIGNANT 800.000000 1767.000000 1060.000000 2027.000000
MALIGNANT 547.000000 1794.000000 807.000000 2054.000000
MALIGNANT 460.000000 1614.000000 720.000000 1874.000000
MALIGNANT 660.000000 1514.000000 920.000000 1774.000000
MALIGNANT 674.000000 1660.000000 934.000000 1920.000000
