GOOD 114.000000 3920.000000 374.000000 4180.000000
GOOD 440.000000 3874.000000 700.000000 4134.000000
GOOD 727.000000 3674.000000 987.000000 3934.000000
GOOD 1087.000000 3494.000000 1347.000000 3754.000000
GOOD 1280.000000 3334.000000 1540.000000 3594.000000
GOOD 1474.000000 3160.000000 1734.000000 3420.000000
GOOD 1594.000000 2867.000000 1854.000000 3127.000000
GOOD 1614.000000 2574.000000 1874.000000 2834.000000
GOOD 1540.000000 2247.000000 1800.000000 2507.000000
GOOD 1307.000000 1907.000000 1567.000000 2167.000000
GOOD 1207.000000 1554.000000 1467.000000 1814.000000
GOOD 914.000000 1287.000000 1174.000000 1547.000000
GOOD 640.000000 1094.000000 900.000000 1354.000000
GOOD 360.000000 900.000000 620.000000 1160.000000
GOOD 87.000000 954.000000 347.000000 1214.000000
GOOD 154.000000 1460.000000 414.000000 1720.000000
GOOD 134.000000 1854.000000 394.000000 2114.000000
GOOD 140.000000 2340.000000 400.000000 2600.000000
GOOD 367.000000 2067.000000 627.000000 2327.000000
GOOD 400.000000 1714.000000 660.000000 1974.000000
GOOD 420.000000 1354.000000 680.000000 1614.000000
GOOD 727.000000 1560.000000 987.000000 1820.000000
GOOD 907.000000 1947.000000 1167.000000 2207.000000
GOOD 1054.000000 2420.000000 1314.000000 2680.000000
GOOD 1300.000000 2454.000000 1560.000000 2714.000000
GOOD 1220.000000 2874.000000 1480.000000 3134.000000
GOOD 954.000000 2747.000000 1214.000000 3007.000000
GOOD 560.000000 2754.000000 820.000000 3014.000000
GOOD 447.000000 2474.000000 707.000000 2734.000000
GOOD 720.000000 2294.000000 980.000000 2554.000000
GOOD 814.000000 3047.000000 1074.000000 3307.000000
GOOD 774.000000 3394.000000 1034.000000 3654.000000
GOOD 447.000000 3367.000000 707.000000 3627.000000
GOOD 154.000000 3614.000000 414.000000 3874.000000
GOOD 114.000000 3267.000000 374.000000 3527.000000
