GOOD 847.000000 1560.000000 1107.000000 1820.000000
GOOD 900.000000 1914.000000 1160.000000 2174.000000
GOOD 954.000000 2154.000000 1214.000000 2414.000000
GOOD 1007.000000 2474.000000 1267.000000 2734.000000
GOOD 1274.000000 2474.000000 1534.000000 2734.000000
GOOD 1434.000000 2207.000000 1694.000000 2467.000000
GOOD 1594.000000 2420.000000 1854.000000 2680.000000
GOOD 1514.000000 2720.000000 1774.000000 2980.000000
GOOD 1514.000000 2720.000000 1774.000000 2980.000000
GOOD 1087.000000 2800.000000 1347.000000 3060.000000
GOOD 1327.000000 3040.000000 1587.000000 3300.000000
GOOD 1654.000000 3174.000000 1914.000000 3434.000000
GOOD 1974.000000 3360.000000 2234.000000 3620.000000
GOOD 2374.000000 3360.000000 2634.000000 3620.000000
GOOD 2240.000000 2987.000000 2500.000000 3247.000000
GOOD 1920.000000 2907.000000 2180.000000 3167.000000
GOOD 1867.000000 2614.000000 2127.000000 2874.000000
GOOD 2134.000000 2554.000000 2394.000000 2814.000000
GOOD 2160.000000 2154.000000 2420.000000 2414.000000
GOOD 2160.000000 2154.000000 2420.000000 2414.000000
GOOD 1814.000000 2154.000000 2074.000000 2414.000000
GOOD 1760.000000 1754.000000 2020.000000 2014.000000
GOOD 1760.000000 1754.000000 2020.000000 2014.000000
GOOD 1434.000000 1347.000000 1694.000000 1607.000000
GOOD 1167.000000 1320.000000 1427.000000 1580.000000
GOOD 1514.000000 974.000000 1774.000000 1234.000000
GOOD 1760.000000 894.000000 2020.000000 1154.000000
GOOD 1787.000000 1214.000000 2047.000000 1474.000000
GOOD 2054.000000 1480.000000 2314.000000 1740.000000
GOOD 2134.000000 1807.000000 2394.000000 2067.000000
GOOD 2347.000000 1454.000000 2607.000000 1714.000000
GOOD 2427.000000 1054.000000 2687.000000 1314.000000
GOOD 2187.000000 1054.000000 2447.000000 1314.000000
GOOD 2160.000000 760.000000 2420.000000 1020.000000
GOOD 2427.000000 574.000000 2687.000000 834.000000
GOOD 2667.000000 487.000000 2927.000000 747.000000
GOOD 2640.000000 840.000000 2900.000000 1100.000000
GOOD 2454.000000 1647.000000 2714.000000 1907.000000
GOOD 2454.000000 1940.000000 2714.000000 2200.000000
GOOD 2454.000000 2260.000000 2714.000000 2520.000000
GOOD 2454.000000 2554.000000 2714.000000 2814.000000
GOOD 2587.000000 2880.000000 2847.000000 3140.000000
