GOOD 174.000000 3307.000000 434.000000 3567.000000
GOOD 174.000000 3307.000000 434.000000 3567.000000
GOOD 607.000000 3200.000000 867.000000 3460.000000
GOOD 1034.000000 3147.000000 1294.000000 3407.000000
GOOD 1034.000000 3147.000000 1294.000000 3407.000000
GOOD 1407.000000 3120.000000 1667.000000 3380.000000
GOOD 1300.000000 2720.000000 1560.000000 2980.000000
GOOD 954.000000 2720.000000 1214.000000 2980.000000
GOOD 554.000000 2800.000000 814.000000 3060.000000
GOOD 200.000000 2774.000000 460.000000 3034.000000
GOOD 387.000000 3574.000000 647.000000 3834.000000
GOOD 714.000000 3547.000000 974.000000 3807.000000
GOOD 1140.000000 3414.000000 1400.000000 3674.000000
GOOD 1140.000000 3414.000000 1400.000000 3674.000000
GOOD 1407.000000 3520.000000 1667.000000 3780.000000
GOOD 1034.000000 3767.000000 1294.000000 4027.000000
GOOD 554.000000 3954.000000 814.000000 4214.000000
GOOD 307.000000 3980.000000 567.000000 4240.000000
GOOD 40.000000 4274.000000 300.000000 4534.000000
GOOD 440.000000 4300.000000 700.000000 4560.000000
GOOD 847.000000 4114.000000 1107.000000 4374.000000
GOOD 1194.000000 4060.000000 1454.000000 4320.000000
GOOD 227.000000 2500.000000 487.000000 2760.000000
GOOD 687.000000 2447.000000 947.000000 2707.000000
GOOD 1140.000000 2394.000000 1400.000000 2654.000000
GOOD 387.000000 1374.000000 647.000000 1634.000000
GOOD 794.000000 1454.000000 1054.000000 1714.000000
GOOD 120.000000 1214.000000 380.000000 1474.000000
