GOOD 14.000000 2867.000000 274.000000 3127.000000
GOOD 460.000000 2920.000000 720.000000 3180.000000
GOOD 460.000000 2920.000000 720.000000 3180.000000
GOOD 780.000000 2820.000000 1040.000000 3080.000000
GOOD 1034.000000 2747.000000 1294.000000 3007.000000
GOOD 1007.000000 2420.000000 1267.000000 2680.000000
GOOD 1007.000000 2420.000000 1267.000000 2680.000000
GOOD 707.000000 2420.000000 967.000000 2680.000000
GOOD 387.000000 2474.000000 647.000000 2734.000000
GOOD 87.000000 2374.000000 347.000000 2634.000000
GOOD 87.000000 2027.000000 347.000000 2287.000000
GOOD 387.000000 1974.000000 647.000000 2234.000000
GOOD 687.000000 2000.000000 947.000000 2260.000000
GOOD 1007.000000 1927.000000 1267.000000 2187.000000
GOOD 687.000000 1627.000000 947.000000 1887.000000
GOOD 314.000000 1580.000000 574.000000 1840.000000
GOOD 140.000000 1307.000000 400.000000 1567.000000
GOOD 214.000000 3687.000000 474.000000 3947.000000
GOOD 634.000000 3367.000000 894.000000 3627.000000
GOOD 954.000000 3114.000000 1214.000000 3374.000000
