GOOD 1480.000000 1507.000000 1740.000000 1767.000000
GOOD 1160.000000 1760.000000 1420.000000 2020.000000
GOOD 1547.000000 1920.000000 1807.000000 2180.000000
GOOD 1320.000000 2327.000000 1580.000000 2587.000000
GOOD 1320.000000 2327.000000 1580.000000 2587.000000
GOOD 1687.000000 2374.000000 1947.000000 2634.000000
GOOD 1414.000000 2760.000000 1674.000000 3020.000000
GOOD 1707.000000 3154.000000 1967.000000 3414.000000
GOOD 1867.000000 2834.000000 2127.000000 3094.000000
GOOD 1367.000000 3080.000000 1627.000000 3340.000000
