GOOD 274.000000 734.000000 534.000000 994.000000
GOOD 514.000000 1100.000000 774.000000 1360.000000
GOOD 654.000000 1334.000000 914.000000 1594.000000
GOOD 747.000000 1627.000000 1007.000000 1887.000000
GOOD 800.000000 1900.000000 1060.000000 2160.000000
GOOD 914.000000 2134.000000 1174.000000 2394.000000
GOOD 827.000000 2354.000000 1087.000000 2614.000000
GOOD 807.000000 2614.000000 1067.000000 2874.000000
GOOD 747.000000 2914.000000 1007.000000 3174.000000
GOOD 827.000000 3274.000000 1087.000000 3534.000000
GOOD 660.000000 3527.000000 920.000000 3787.000000
GOOD 454.000000 3780.000000 714.000000 4040.000000
GOOD 300.000000 4174.000000 560.000000 4434.000000
GOOD 80.000000 4060.000000 340.000000 4320.000000
GOOD 207.000000 3787.000000 467.000000 4047.000000
GOOD 260.000000 3447.000000 520.000000 3707.000000
GOOD 400.000000 3147.000000 660.000000 3407.000000
GOOD 500.000000 2727.000000 760.000000 2987.000000
GOOD 520.000000 2374.000000 780.000000 2634.000000
GOOD 454.000000 2067.000000 714.000000 2327.000000
GOOD 467.000000 1794.000000 727.000000 2054.000000
GOOD 160.000000 1907.000000 420.000000 2167.000000
GOOD 40.000000 2240.000000 300.000000 2500.000000
GOOD 74.000000 2547.000000 334.000000 2807.000000
GOOD 94.000000 2907.000000 354.000000 3167.000000
GOOD 127.000000 3247.000000 387.000000 3507.000000
GOOD 80.000000 1020.000000 340.000000 1280.000000
