GOOD 547.000000 2260.000000 807.000000 2520.000000
GOOD 174.000000 2614.000000 434.000000 2874.000000
GOOD 440.000000 2660.000000 700.000000 2920.000000
GOOD 774.000000 2574.000000 1034.000000 2834.000000
GOOD 940.000000 2074.000000 1200.000000 2334.000000
GOOD 694.000000 1740.000000 954.000000 2000.000000
GOOD 334.000000 1314.000000 594.000000 1574.000000
GOOD 360.000000 1580.000000 620.000000 1840.000000
GOOD 387.000000 1854.000000 647.000000 2114.000000
GOOD 1034.000000 2320.000000 1294.000000 2580.000000
GOOD 994.000000 2654.000000 1254.000000 2914.000000
GOOD 747.000000 2920.000000 1007.000000 3180.000000
GOOD 567.000000 3200.000000 827.000000 3460.000000
GOOD 387.000000 3427.000000 647.000000 3687.000000
GOOD 140.000000 3587.000000 400.000000 3847.000000
GOOD 100.000000 3267.000000 360.000000 3527.000000
GOOD 360.000000 3014.000000 620.000000 3274.000000
GOOD 94.000000 3020.000000 354.000000 3280.000000
GOOD 14.000000 1974.000000 274.000000 2234.000000
GOOD 94.000000 1654.000000 354.000000 1914.000000
GOOD 107.000000 1387.000000 367.000000 1647.000000
GOOD 54.000000 1040.000000 314.000000 1300.000000
GOOD 27.000000 740.000000 287.000000 1000.000000
GOOD 314.000000 887.000000 574.000000 1147.000000
GOOD 620.000000 1127.000000 880.000000 1387.000000
GOOD 814.000000 1407.000000 1074.000000 1667.000000
GOOD 920.000000 1807.000000 1180.000000 2067.000000
