GOOD 1434.000000 2434.000000 1694.000000 2694.000000
GOOD 914.000000 2167.000000 1174.000000 2427.000000
GOOD 1040.000000 2487.000000 1300.000000 2747.000000
GOOD 840.000000 1627.000000 1100.000000 1887.000000
GOOD 667.000000 1234.000000 927.000000 1494.000000
GOOD 1014.000000 1254.000000 1274.000000 1514.000000
GOOD 1234.000000 1820.000000 1494.000000 2080.000000
GOOD 1947.000000 2507.000000 2207.000000 2767.000000
GOOD 2340.000000 2487.000000 2600.000000 2747.000000
GOOD 2440.000000 2827.000000 2700.000000 3087.000000
GOOD 2294.000000 3540.000000 2554.000000 3800.000000
GOOD 2047.000000 3667.000000 2307.000000 3927.000000
