GOOD 414.000000 3220.000000 674.000000 3480.000000
GOOD 320.000000 3820.000000 580.000000 4080.000000
GOOD 600.000000 3500.000000 860.000000 3760.000000
GOOD 694.000000 3947.000000 954.000000 4207.000000
GOOD 507.000000 4407.000000 767.000000 4667.000000
GOOD 1027.000000 4374.000000 1287.000000 4634.000000
GOOD 1354.000000 3574.000000 1614.000000 3834.000000
GOOD 1600.000000 4127.000000 1860.000000 4387.000000
GOOD 1674.000000 4514.000000 1934.000000 4774.000000
GOOD 1767.000000 3160.000000 2027.000000 3420.000000
GOOD 1894.000000 2547.000000 2154.000000 2807.000000
GOOD 1200.000000 3114.000000 1460.000000 3374.000000
GOOD 1940.000000 1994.000000 2200.000000 2254.000000
GOOD 1367.000000 2667.000000 1627.000000 2927.000000
GOOD 1754.000000 3547.000000 2014.000000 3807.000000
