GOOD 387.000000 2260.000000 647.000000 2520.000000
GOOD 827.000000 2194.000000 1087.000000 2454.000000
GOOD 1187.000000 2114.000000 1447.000000 2374.000000
GOOD 1067.000000 2560.000000 1327.000000 2820.000000
GOOD 707.000000 2580.000000 967.000000 2840.000000
GOOD 360.000000 2560.000000 620.000000 2820.000000
GOOD 334.000000 2934.000000 594.000000 3194.000000
GOOD 727.000000 2987.000000 987.000000 3247.000000
GOOD 274.000000 1680.000000 534.000000 1940.000000
GOOD 674.000000 1794.000000 934.000000 2054.000000
