GOOD 340.000000 1580.000000 600.000000 1840.000000
GOOD 774.000000 1707.000000 1034.000000 1967.000000
GOOD 834.000000 1974.000000 1094.000000 2234.000000
GOOD 734.000000 2240.000000 994.000000 2500.000000
GOOD 714.000000 2507.000000 974.000000 2767.000000
GOOD 714.000000 2774.000000 974.000000 3034.000000
GOOD 634.000000 3027.000000 894.000000 3287.000000
GOOD 520.000000 3294.000000 780.000000 3554.000000
GOOD 267.000000 3460.000000 527.000000 3720.000000
GOOD 0.000000 3667.000000 254.000000 3927.000000
GOOD 0.000000 3347.000000 260.000000 3607.000000
GOOD 234.000000 3147.000000 494.000000 3407.000000
GOOD 400.000000 2900.000000 660.000000 3160.000000
GOOD 394.000000 2587.000000 654.000000 2847.000000
GOOD 427.000000 2267.000000 687.000000 2527.000000
GOOD 254.000000 1980.000000 514.000000 2240.000000
GOOD 160.000000 2334.000000 420.000000 2594.000000
GOOD 147.000000 2660.000000 407.000000 2920.000000
GOOD 87.000000 1287.000000 347.000000 1547.000000
GOOD 440.000000 1294.000000 700.000000 1554.000000
