GOOD 1807.000000 1787.000000 2067.000000 2047.000000
GOOD 1720.000000 1494.000000 1980.000000 1754.000000
GOOD 1720.000000 974.000000 1980.000000 1234.000000
GOOD 2080.000000 614.000000 2340.000000 874.000000
GOOD 2540.000000 387.000000 2800.000000 647.000000
GOOD 2594.000000 640.000000 2854.000000 900.000000
GOOD 2727.000000 847.000000 2987.000000 1107.000000
GOOD 2454.000000 1060.000000 2714.000000 1320.000000
GOOD 2100.000000 994.000000 2360.000000 1254.000000
GOOD 2194.000000 1320.000000 2454.000000 1580.000000
GOOD 2587.000000 1487.000000 2847.000000 1747.000000
GOOD 2600.000000 2947.000000 2860.000000 3207.000000
GOOD 2507.000000 3427.000000 2767.000000 3687.000000
GOOD 2134.000000 3274.000000 2394.000000 3534.000000
GOOD 1900.000000 2907.000000 2160.000000 3167.000000
GOOD 1494.000000 2834.000000 1754.000000 3094.000000
GOOD 1294.000000 2540.000000 1554.000000 2800.000000
GOOD 1214.000000 2234.000000 1474.000000 2494.000000
GOOD 1134.000000 1974.000000 1394.000000 2234.000000
GOOD 1100.000000 1640.000000 1360.000000 1900.000000
GOOD 1234.000000 1354.000000 1494.000000 1614.000000
GOOD 1534.000000 1240.000000 1794.000000 1500.000000
GOOD 1460.000000 1654.000000 1720.000000 1914.000000
GOOD 1434.000000 1960.000000 1694.000000 2220.000000
GOOD 1627.000000 2667.000000 1887.000000 2927.000000
GOOD 1714.000000 3234.000000 1974.000000 3494.000000
GOOD 2354.000000 2900.000000 2614.000000 3160.000000
GOOD 2674.000000 2620.000000 2934.000000 2880.000000
GOOD 2787.000000 2274.000000 3047.000000 2534.000000
GOOD 2160.000000 1854.000000 2420.000000 2114.000000
GOOD 2427.000000 2134.000000 2687.000000 2394.000000
