GOOD 94.000000 974.000000 354.000000 1234.000000
GOOD 414.000000 1080.000000 674.000000 1340.000000
GOOD 714.000000 1294.000000 974.000000 1554.000000
GOOD 714.000000 1294.000000 974.000000 1554.000000
GOOD 740.000000 1727.000000 1000.000000 1987.000000
GOOD 607.000000 1994.000000 867.000000 2254.000000
GOOD 607.000000 1994.000000 867.000000 2254.000000
GOOD 334.000000 2100.000000 594.000000 2360.000000
GOOD 174.000000 2074.000000 434.000000 2334.000000
GOOD 147.000000 2527.000000 407.000000 2787.000000
GOOD 474.000000 2420.000000 734.000000 2680.000000
GOOD 767.000000 2367.000000 1027.000000 2627.000000
GOOD 1194.000000 2367.000000 1454.000000 2627.000000
GOOD 1514.000000 2340.000000 1774.000000 2600.000000
GOOD 1947.000000 2554.000000 2207.000000 2814.000000
GOOD 1867.000000 2234.000000 2127.000000 2494.000000
GOOD 1787.000000 1834.000000 2047.000000 2094.000000
GOOD 1434.000000 1940.000000 1694.000000 2200.000000
GOOD 1140.000000 2047.000000 1400.000000 2307.000000
GOOD 980.000000 1240.000000 1240.000000 1500.000000
GOOD 1034.000000 1560.000000 1294.000000 1820.000000
GOOD 1407.000000 1594.000000 1667.000000 1854.000000
GOOD 1680.000000 1594.000000 1940.000000 1854.000000
GOOD 1680.000000 2667.000000 1940.000000 2927.000000
GOOD 1760.000000 2827.000000 2020.000000 3087.000000
GOOD 1407.000000 3040.000000 1667.000000 3300.000000
GOOD 1247.000000 2747.000000 1507.000000 3007.000000
GOOD 927.000000 2827.000000 1187.000000 3087.000000
GOOD 527.000000 2827.000000 787.000000 3087.000000
GOOD 527.000000 2827.000000 787.000000 3087.000000
GOOD 67.000000 2854.000000 327.000000 3114.000000
GOOD 174.000000 3174.000000 434.000000 3434.000000
GOOD 474.000000 3200.000000 734.000000 3460.000000
GOOD 714.000000 3094.000000 974.000000 3354.000000
GOOD 1007.000000 3147.000000 1267.000000 3407.000000
GOOD 847.000000 3467.000000 1107.000000 3727.000000
GOOD 500.000000 3520.000000 760.000000 3780.000000
GOOD 120.000000 3494.000000 380.000000 3754.000000
GOOD 1220.000000 3360.000000 1480.000000 3620.000000
