GOOD 580.000000 2894.000000 840.000000 3154.000000
GOOD 134.000000 2827.000000 394.000000 3087.000000
GOOD 140.000000 3080.000000 400.000000 3340.000000
GOOD 380.000000 3154.000000 640.000000 3414.000000
GOOD 354.000000 2620.000000 614.000000 2880.000000
GOOD 187.000000 3440.000000 447.000000 3700.000000
GOOD 214.000000 3700.000000 474.000000 3960.000000
GOOD 460.000000 3687.000000 720.000000 3947.000000
GOOD 687.000000 3380.000000 947.000000 3640.000000
GOOD 900.000000 3114.000000 1160.000000 3374.000000
GOOD 1160.000000 2754.000000 1420.000000 3014.000000
GOOD 1354.000000 2527.000000 1614.000000 2787.000000
GOOD 1454.000000 2200.000000 1714.000000 2460.000000
GOOD 1474.000000 1894.000000 1734.000000 2154.000000
GOOD 1454.000000 1574.000000 1714.000000 1834.000000
GOOD 1267.000000 1294.000000 1527.000000 1554.000000
GOOD 1007.000000 1027.000000 1267.000000 1287.000000
GOOD 807.000000 807.000000 1067.000000 1067.000000
GOOD 594.000000 607.000000 854.000000 867.000000
GOOD 300.000000 427.000000 560.000000 687.000000
GOOD 114.000000 760.000000 374.000000 1020.000000
GOOD 107.000000 1140.000000 367.000000 1400.000000
GOOD 60.000000 1387.000000 320.000000 1647.000000
GOOD 80.000000 1694.000000 340.000000 1954.000000
GOOD 94.000000 1974.000000 354.000000 2234.000000
GOOD 154.000000 2360.000000 414.000000 2620.000000
GOOD 434.000000 2320.000000 694.000000 2580.000000
GOOD 714.000000 2554.000000 974.000000 2814.000000
GOOD 1014.000000 2414.000000 1274.000000 2674.000000
GOOD 1060.000000 2107.000000 1320.000000 2367.000000
GOOD 1200.000000 1820.000000 1460.000000 2080.000000
GOOD 974.000000 1540.000000 1234.000000 1800.000000
GOOD 780.000000 1274.000000 1040.000000 1534.000000
GOOD 494.000000 987.000000 754.000000 1247.000000
GOOD 347.000000 1307.000000 607.000000 1567.000000
GOOD 407.000000 1520.000000 667.000000 1780.000000
GOOD 327.000000 1774.000000 587.000000 2034.000000
GOOD 434.000000 2040.000000 694.000000 2300.000000
GOOD 720.000000 2120.000000 980.000000 2380.000000
GOOD 720.000000 1714.000000 980.000000 1974.000000
