GOOD 1074.000000 3480.000000 1334.000000 3740.000000
GOOD 1014.000000 3154.000000 1274.000000 3414.000000
GOOD 1214.000000 2960.000000 1474.000000 3220.000000
GOOD 1354.000000 2620.000000 1614.000000 2880.000000
GOOD 1580.000000 2340.000000 1840.000000 2600.000000
GOOD 1720.000000 2034.000000 1980.000000 2294.000000
GOOD 2087.000000 1947.000000 2347.000000 2207.000000
GOOD 2254.000000 1747.000000 2514.000000 2007.000000
GOOD 2587.000000 1554.000000 2847.000000 1814.000000
GOOD 3094.000000 1247.000000 3354.000000 1507.000000
GOOD 2874.000000 1354.000000 3134.000000 1614.000000
GOOD 3374.000000 1134.000000 3634.000000 1394.000000
GOOD 3740.000000 1134.000000 4000.000000 1394.000000
GOOD 3994.000000 1074.000000 4254.000000 1334.000000
GOOD 4194.000000 1187.000000 4454.000000 1447.000000
GOOD 4194.000000 1580.000000 4454.000000 1840.000000
GOOD 4220.000000 1894.000000 4480.000000 2154.000000
GOOD 4220.000000 2254.000000 4480.000000 2514.000000
GOOD 4194.000000 2567.000000 4454.000000 2827.000000
GOOD 4220.000000 2960.000000 4480.000000 3220.000000
GOOD 4134.000000 3267.000000 4394.000000 3527.000000
GOOD 4134.000000 3660.000000 4394.000000 3920.000000
GOOD 4134.000000 4027.000000 4394.000000 4287.000000
GOOD 4134.000000 4334.000000 4394.000000 4594.000000
GOOD 4107.000000 4674.000000 4367.000000 4934.000000
GOOD 3800.000000 4700.000000 4060.000000 4960.000000
GOOD 3574.000000 4814.000000 3834.000000 5074.000000
GOOD 3320.000000 4927.000000 3580.000000 5187.000000
GOOD 3234.000000 5180.000000 3494.000000 5440.000000
GOOD 2980.000000 5234.000000 3240.000000 5494.000000
GOOD 2647.000000 5320.000000 2907.000000 5580.000000
GOOD 2394.000000 5460.000000 2654.000000 5720.000000
GOOD 2114.000000 5434.000000 2374.000000 5694.000000
GOOD 3714.000000 4307.000000 3974.000000 4567.000000
GOOD 3714.000000 3940.000000 3974.000000 4200.000000
GOOD 3740.000000 3580.000000 4000.000000 3840.000000
GOOD 3660.000000 3240.000000 3920.000000 3500.000000
GOOD 3767.000000 2620.000000 4027.000000 2880.000000
GOOD 3800.000000 2900.000000 4060.000000 3160.000000
GOOD 3880.000000 2287.000000 4140.000000 2547.000000
GOOD 3827.000000 1894.000000 4087.000000 2154.000000
GOOD 3827.000000 1494.000000 4087.000000 1754.000000
GOOD 3514.000000 1414.000000 3774.000000 1674.000000
GOOD 3514.000000 1720.000000 3774.000000 1980.000000
GOOD 3487.000000 2034.000000 3747.000000 2294.000000
GOOD 3434.000000 2427.000000 3694.000000 2687.000000
GOOD 3434.000000 2427.000000 3694.000000 2687.000000
GOOD 3320.000000 2874.000000 3580.000000 3134.000000
GOOD 3407.000000 3267.000000 3667.000000 3527.000000
GOOD 3294.000000 3547.000000 3554.000000 3807.000000
GOOD 3294.000000 3914.000000 3554.000000 4174.000000
GOOD 3294.000000 4254.000000 3554.000000 4514.000000
GOOD 3120.000000 4674.000000 3380.000000 4934.000000
GOOD 2760.000000 4840.000000 3020.000000 5100.000000
GOOD 2900.000000 4367.000000 3160.000000 4627.000000
GOOD 2900.000000 4000.000000 3160.000000 4260.000000
GOOD 2954.000000 3520.000000 3214.000000 3780.000000
GOOD 3014.000000 3014.000000 3274.000000 3274.000000
GOOD 3040.000000 2480.000000 3300.000000 2740.000000
GOOD 3154.000000 1780.000000 3414.000000 2040.000000
GOOD 2900.000000 1860.000000 3160.000000 2120.000000
GOOD 2980.000000 2174.000000 3240.000000 2434.000000
GOOD 2560.000000 2000.000000 2820.000000 2260.000000
GOOD 2534.000000 2314.000000 2794.000000 2574.000000
GOOD 2587.000000 2594.000000 2847.000000 2854.000000
GOOD 2674.000000 2987.000000 2934.000000 3247.000000
GOOD 2534.000000 3294.000000 2794.000000 3554.000000
GOOD 2587.000000 3580.000000 2847.000000 3840.000000
GOOD 2620.000000 3940.000000 2880.000000 4200.000000
GOOD 2587.000000 4227.000000 2847.000000 4487.000000
GOOD 2534.000000 4507.000000 2794.000000 4767.000000
GOOD 2447.000000 4927.000000 2707.000000 5187.000000
GOOD 2194.000000 5040.000000 2454.000000 5300.000000
GOOD 2227.000000 4620.000000 2487.000000 4880.000000
GOOD 2254.000000 4280.000000 2514.000000 4540.000000
GOOD 2280.000000 3974.000000 2540.000000 4234.000000
GOOD 2280.000000 3687.000000 2540.000000 3947.000000
GOOD 2307.000000 3154.000000 2567.000000 3414.000000
GOOD 2194.000000 2820.000000 2454.000000 3080.000000
GOOD 2227.000000 2367.000000 2487.000000 2627.000000
GOOD 1834.000000 2540.000000 2094.000000 2800.000000
GOOD 1747.000000 2847.000000 2007.000000 3107.000000
GOOD 1380.000000 3267.000000 1640.000000 3527.000000
GOOD 960.000000 3834.000000 1220.000000 4094.000000
GOOD 1047.000000 4140.000000 1307.000000 4400.000000
GOOD 1074.000000 4560.000000 1334.000000 4820.000000
GOOD 1240.000000 4760.000000 1500.000000 5020.000000
GOOD 1407.000000 5014.000000 1667.000000 5274.000000
GOOD 1834.000000 5320.000000 2094.000000 5580.000000
GOOD 1520.000000 5127.000000 1780.000000 5387.000000
GOOD 1834.000000 4900.000000 2094.000000 5160.000000
GOOD 1860.000000 4447.000000 2120.000000 4707.000000
GOOD 1554.000000 4587.000000 1814.000000 4847.000000
GOOD 1440.000000 4227.000000 1700.000000 4487.000000
GOOD 1354.000000 3860.000000 1614.000000 4120.000000
GOOD 1834.000000 4027.000000 2094.000000 4287.000000
