GOOD 1414.000000 2660.000000 1674.000000 2920.000000
GOOD 1654.000000 3074.000000 1914.000000 3334.000000
GOOD 1880.000000 2587.000000 2140.000000 2847.000000
GOOD 854.000000 1994.000000 1114.000000 2254.000000
GOOD 700.000000 2440.000000 960.000000 2700.000000
GOOD 1987.000000 3600.000000 2247.000000 3860.000000
GOOD 2374.000000 3367.000000 2634.000000 3627.000000
GOOD 2094.000000 3987.000000 2354.000000 4247.000000
GOOD 1414.000000 4167.000000 1674.000000 4427.000000
GOOD 860.000000 4154.000000 1120.000000 4414.000000
GOOD 734.000000 4480.000000 994.000000 4740.000000
GOOD 1100.000000 4720.000000 1360.000000 4980.000000
GOOD 1567.000000 4660.000000 1827.000000 4920.000000
GOOD 1847.000000 4374.000000 2107.000000 4634.000000
