GOOD 100.000000 2440.000000 360.000000 2700.000000
GOOD 427.000000 2440.000000 687.000000 2700.000000
GOOD 420.000000 2114.000000 680.000000 2374.000000
GOOD 134.000000 1894.000000 394.000000 2154.000000
GOOD 87.000000 1594.000000 347.000000 1854.000000
GOOD 87.000000 1294.000000 347.000000 1554.000000
GOOD 40.000000 994.000000 300.000000 1254.000000
GOOD 367.000000 1020.000000 627.000000 1280.000000
GOOD 480.000000 1300.000000 740.000000 1560.000000
GOOD 760.000000 1334.000000 1020.000000 1594.000000
GOOD 994.000000 1520.000000 1254.000000 1780.000000
GOOD 1240.000000 1660.000000 1500.000000 1920.000000
GOOD 1487.000000 1894.000000 1747.000000 2154.000000
GOOD 1440.000000 2087.000000 1700.000000 2347.000000
GOOD 1467.000000 2374.000000 1727.000000 2634.000000
GOOD 1347.000000 2607.000000 1607.000000 2867.000000
GOOD 1294.000000 2834.000000 1554.000000 3094.000000
GOOD 1167.000000 3080.000000 1427.000000 3340.000000
GOOD 1007.000000 3307.000000 1267.000000 3567.000000
GOOD 800.000000 3520.000000 1060.000000 3780.000000
GOOD 554.000000 3634.000000 814.000000 3894.000000
GOOD 234.000000 3767.000000 494.000000 4027.000000
GOOD 140.000000 3467.000000 400.000000 3727.000000
GOOD 127.000000 3134.000000 387.000000 3394.000000
GOOD 87.000000 2854.000000 347.000000 3114.000000
GOOD 447.000000 3340.000000 707.000000 3600.000000
GOOD 454.000000 3014.000000 714.000000 3274.000000
GOOD 354.000000 2714.000000 614.000000 2974.000000
GOOD 780.000000 3107.000000 1040.000000 3367.000000
GOOD 767.000000 2820.000000 1027.000000 3080.000000
GOOD 767.000000 2534.000000 1027.000000 2794.000000
GOOD 1060.000000 2500.000000 1320.000000 2760.000000
GOOD 1114.000000 2227.000000 1374.000000 2487.000000
GOOD 1100.000000 1927.000000 1360.000000 2187.000000
GOOD 787.000000 2227.000000 1047.000000 2487.000000
GOOD 774.000000 1987.000000 1034.000000 2247.000000
GOOD 734.000000 1707.000000 994.000000 1967.000000
GOOD 374.000000 1714.000000 634.000000 1974.000000
