GOOD 2314.000000 2847.000000 2574.000000 3107.000000
GOOD 2260.000000 2374.000000 2520.000000 2634.000000
GOOD 2260.000000 2374.000000 2520.000000 2634.000000
GOOD 2287.000000 1820.000000 2547.000000 2080.000000
GOOD 2287.000000 1820.000000 2547.000000 2080.000000
GOOD 2260.000000 1400.000000 2520.000000 1660.000000
GOOD 2314.000000 874.000000 2574.000000 1134.000000
GOOD 2000.000000 1134.000000 2260.000000 1394.000000
GOOD 1840.000000 1507.000000 2100.000000 1767.000000
GOOD 1920.000000 1847.000000 2180.000000 2107.000000
GOOD 1627.000000 1794.000000 1887.000000 2054.000000
GOOD 1474.000000 1480.000000 1734.000000 1740.000000
GOOD 1314.000000 1847.000000 1574.000000 2107.000000
GOOD 1500.000000 2034.000000 1760.000000 2294.000000
GOOD 1867.000000 2160.000000 2127.000000 2420.000000
GOOD 2134.000000 2034.000000 2394.000000 2294.000000
GOOD 2080.000000 2794.000000 2340.000000 3054.000000
GOOD 2080.000000 2794.000000 2340.000000 3054.000000
GOOD 2080.000000 2794.000000 2340.000000 3054.000000
GOOD 2260.000000 3194.000000 2520.000000 3454.000000
GOOD 2287.000000 3507.000000 2547.000000 3767.000000
GOOD 2234.000000 3800.000000 2494.000000 4060.000000
GOOD 1920.000000 3720.000000 2180.000000 3980.000000
GOOD 1867.000000 3327.000000 2127.000000 3587.000000
GOOD 1867.000000 3327.000000 2127.000000 3587.000000
GOOD 1474.000000 3300.000000 1734.000000 3560.000000
GOOD 1207.000000 2874.000000 1467.000000 3134.000000
GOOD 1154.000000 2454.000000 1414.000000 2714.000000
