GOOD 1087.000000 2480.000000 1347.000000 2740.000000
GOOD 1667.000000 2274.000000 1927.000000 2534.000000
GOOD 2034.000000 2014.000000 2294.000000 2274.000000
GOOD 2487.000000 1834.000000 2747.000000 2094.000000
GOOD 2780.000000 2440.000000 3040.000000 2700.000000
GOOD 2780.000000 1260.000000 3040.000000 1520.000000
GOOD 2140.000000 1420.000000 2400.000000 1680.000000
GOOD 2114.000000 4060.000000 2374.000000 4320.000000
GOOD 2647.000000 4194.000000 2907.000000 4454.000000
GOOD 2940.000000 3820.000000 3200.000000 4080.000000
GOOD 2954.000000 4567.000000 3214.000000 4827.000000
