GOOD 147.000000 2727.000000 407.000000 2987.000000
GOOD 467.000000 2734.000000 727.000000 2994.000000
GOOD 227.000000 3040.000000 487.000000 3300.000000
GOOD 540.000000 3007.000000 800.000000 3267.000000
GOOD 800.000000 2707.000000 1060.000000 2967.000000
GOOD 840.000000 2427.000000 1100.000000 2687.000000
GOOD 940.000000 2140.000000 1200.000000 2400.000000
GOOD 894.000000 1840.000000 1154.000000 2100.000000
GOOD 647.000000 1627.000000 907.000000 1887.000000
GOOD 614.000000 1420.000000 874.000000 1680.000000
GOOD 374.000000 1200.000000 634.000000 1460.000000
GOOD 134.000000 1014.000000 394.000000 1274.000000
GOOD 14.000000 1274.000000 274.000000 1534.000000
GOOD 240.000000 1507.000000 500.000000 1767.000000
GOOD 7.000000 1607.000000 267.000000 1867.000000
GOOD 340.000000 1767.000000 600.000000 2027.000000
GOOD 654.000000 1980.000000 914.000000 2240.000000
