GOOD 74.000000 4167.000000 334.000000 4427.000000
GOOD 420.000000 4114.000000 680.000000 4374.000000
GOOD 787.000000 4034.000000 1047.000000 4294.000000
GOOD 1000.000000 4087.000000 1260.000000 4347.000000
GOOD 1154.000000 4007.000000 1414.000000 4267.000000
GOOD 1154.000000 4007.000000 1414.000000 4267.000000
GOOD 1314.000000 3720.000000 1574.000000 3980.000000
GOOD 1627.000000 3640.000000 1887.000000 3900.000000
GOOD 2054.000000 3694.000000 2314.000000 3954.000000
GOOD 1654.000000 3827.000000 1914.000000 4087.000000
GOOD 1554.000000 4034.000000 1814.000000 4294.000000
GOOD 2000.000000 3274.000000 2260.000000 3534.000000
GOOD 1760.000000 3560.000000 2020.000000 3820.000000
GOOD 1840.000000 3220.000000 2100.000000 3480.000000
GOOD 2187.000000 3247.000000 2447.000000 3507.000000
GOOD 2580.000000 3034.000000 2840.000000 3294.000000
GOOD 2474.000000 3300.000000 2734.000000 3560.000000
GOOD 2260.000000 2874.000000 2520.000000 3134.000000
GOOD 2500.000000 2667.000000 2760.000000 2927.000000
GOOD 2974.000000 2794.000000 3234.000000 3054.000000
GOOD 2687.000000 2454.000000 2947.000000 2714.000000
GOOD 2420.000000 2294.000000 2680.000000 2554.000000
GOOD 2054.000000 1900.000000 2314.000000 2160.000000
GOOD 2054.000000 1900.000000 2314.000000 2160.000000
GOOD 2054.000000 1900.000000 2314.000000 2160.000000
GOOD 2134.000000 2347.000000 2394.000000 2607.000000
GOOD 1920.000000 2667.000000 2180.000000 2927.000000
GOOD 1920.000000 2667.000000 2180.000000 2927.000000
GOOD 1607.000000 2874.000000 1867.000000 3134.000000
GOOD 1580.000000 2427.000000 1840.000000 2687.000000
GOOD 1367.000000 3347.000000 1627.000000 3607.000000
GOOD 1287.000000 3007.000000 1547.000000 3267.000000
GOOD 1894.000000 2954.000000 2154.000000 3214.000000
GOOD 574.000000 3614.000000 834.000000 3874.000000
GOOD 574.000000 3614.000000 834.000000 3874.000000
GOOD 867.000000 3667.000000 1127.000000 3927.000000
GOOD 867.000000 3667.000000 1127.000000 3927.000000
GOOD 1054.000000 3274.000000 1314.000000 3534.000000
GOOD 1054.000000 3274.000000 1314.000000 3534.000000
GOOD 1054.000000 3274.000000 1314.000000 3534.000000
GOOD 814.000000 3220.000000 1074.000000 3480.000000
GOOD 974.000000 3480.000000 1234.000000 3740.000000
GOOD 974.000000 3480.000000 1234.000000 3740.000000
GOOD 627.000000 3300.000000 887.000000 3560.000000
GOOD 627.000000 3300.000000 887.000000 3560.000000
GOOD 234.000000 3667.000000 494.000000 3927.000000
GOOD 234.000000 3667.000000 494.000000 3927.000000
GOOD 1054.000000 2614.000000 1314.000000 2874.000000
GOOD 1054.000000 2614.000000 1314.000000 2874.000000
GOOD 1027.000000 2927.000000 1287.000000 3187.000000
GOOD 1027.000000 2927.000000 1287.000000 3187.000000
GOOD 1027.000000 2927.000000 1287.000000 3187.000000
GOOD 1234.000000 2507.000000 1494.000000 2767.000000
GOOD 1100.000000 2114.000000 1360.000000 2374.000000
GOOD 1100.000000 2114.000000 1360.000000 2374.000000
GOOD 1500.000000 2160.000000 1760.000000 2420.000000
GOOD 1867.000000 2240.000000 2127.000000 2500.000000
GOOD 1447.000000 1847.000000 1707.000000 2107.000000
GOOD 1760.000000 1900.000000 2020.000000 2160.000000
GOOD 1054.000000 1580.000000 1314.000000 1840.000000
GOOD 447.000000 1794.000000 707.000000 2054.000000
GOOD 760.000000 2034.000000 1020.000000 2294.000000
GOOD 760.000000 2034.000000 1020.000000 2294.000000
GOOD 734.000000 1480.000000 994.000000 1740.000000
GOOD 314.000000 1400.000000 574.000000 1660.000000
