GOOD 114.000000 2654.000000 374.000000 2914.000000
GOOD 134.000000 3060.000000 394.000000 3320.000000
GOOD 367.000000 2807.000000 627.000000 3067.000000
GOOD 580.000000 2494.000000 840.000000 2754.000000
GOOD 694.000000 2207.000000 954.000000 2467.000000
GOOD 307.000000 2227.000000 567.000000 2487.000000
GOOD 307.000000 2227.000000 567.000000 2487.000000
GOOD 154.000000 2420.000000 414.000000 2680.000000
GOOD 114.000000 1967.000000 374.000000 2227.000000
GOOD 94.000000 1620.000000 354.000000 1880.000000
GOOD 54.000000 1247.000000 314.000000 1507.000000
GOOD 307.000000 1307.000000 567.000000 1567.000000
GOOD 874.000000 2067.000000 1134.000000 2327.000000
GOOD 54.000000 3294.000000 314.000000 3554.000000
