GOOD 1434.000000 3334.000000 1694.000000 3594.000000
GOOD 1087.000000 3314.000000 1347.000000 3574.000000
GOOD 934.000000 3060.000000 1194.000000 3320.000000
GOOD 860.000000 2714.000000 1120.000000 2974.000000
GOOD 860.000000 2407.000000 1120.000000 2667.000000
GOOD 894.000000 2127.000000 1154.000000 2387.000000
GOOD 1087.000000 1807.000000 1347.000000 2067.000000
GOOD 1307.000000 1614.000000 1567.000000 1874.000000
GOOD 1580.000000 1474.000000 1840.000000 1734.000000
GOOD 1827.000000 1334.000000 2087.000000 1594.000000
GOOD 2147.000000 1174.000000 2407.000000 1434.000000
GOOD 2447.000000 1054.000000 2707.000000 1314.000000
GOOD 2780.000000 960.000000 3040.000000 1220.000000
GOOD 3087.000000 934.000000 3347.000000 1194.000000
GOOD 3094.000000 1280.000000 3354.000000 1540.000000
GOOD 3127.000000 1627.000000 3387.000000 1887.000000
GOOD 3080.000000 1900.000000 3340.000000 2160.000000
GOOD 3127.000000 2120.000000 3387.000000 2380.000000
GOOD 3134.000000 2380.000000 3394.000000 2640.000000
GOOD 3120.000000 2640.000000 3380.000000 2900.000000
GOOD 3187.000000 2880.000000 3447.000000 3140.000000
GOOD 3560.000000 1267.000000 3820.000000 1527.000000
GOOD 3520.000000 1587.000000 3780.000000 1847.000000
GOOD 3460.000000 2020.000000 3720.000000 2280.000000
GOOD 3507.000000 2440.000000 3767.000000 2700.000000
GOOD 3460.000000 2934.000000 3720.000000 3194.000000
GOOD 3440.000000 947.000000 3700.000000 1207.000000
GOOD 3487.000000 3247.000000 3747.000000 3507.000000
GOOD 3547.000000 3620.000000 3807.000000 3880.000000
GOOD 3707.000000 3954.000000 3967.000000 4214.000000
GOOD 3674.000000 4280.000000 3934.000000 4540.000000
GOOD 3720.000000 4580.000000 3980.000000 4840.000000
GOOD 3714.000000 4847.000000 3974.000000 5107.000000
GOOD 3707.000000 5107.000000 3967.000000 5367.000000
GOOD 3387.000000 5014.000000 3647.000000 5274.000000
GOOD 3074.000000 4954.000000 3334.000000 5214.000000
GOOD 2787.000000 4894.000000 3047.000000 5154.000000
GOOD 2467.000000 4767.000000 2727.000000 5027.000000
GOOD 2174.000000 4647.000000 2434.000000 4907.000000
GOOD 1900.000000 4474.000000 2160.000000 4734.000000
GOOD 1580.000000 4300.000000 1840.000000 4560.000000
GOOD 1360.000000 4094.000000 1620.000000 4354.000000
GOOD 1360.000000 4094.000000 1620.000000 4354.000000
GOOD 1174.000000 3894.000000 1434.000000 4154.000000
GOOD 1040.000000 3600.000000 1300.000000 3860.000000
GOOD 1454.000000 3694.000000 1714.000000 3954.000000
GOOD 1754.000000 3740.000000 2014.000000 4000.000000
GOOD 2107.000000 3587.000000 2367.000000 3847.000000
GOOD 2080.000000 3274.000000 2340.000000 3534.000000
GOOD 1754.000000 3014.000000 2014.000000 3274.000000
GOOD 1474.000000 2980.000000 1734.000000 3240.000000
GOOD 1214.000000 2927.000000 1474.000000 3187.000000
GOOD 1147.000000 2607.000000 1407.000000 2867.000000
GOOD 1154.000000 2314.000000 1414.000000 2574.000000
GOOD 1267.000000 2094.000000 1527.000000 2354.000000
GOOD 1594.000000 1874.000000 1854.000000 2134.000000
GOOD 1860.000000 1674.000000 2120.000000 1934.000000
GOOD 2147.000000 1514.000000 2407.000000 1774.000000
GOOD 2347.000000 1354.000000 2607.000000 1614.000000
GOOD 2754.000000 1254.000000 3014.000000 1514.000000
GOOD 2767.000000 1494.000000 3027.000000 1754.000000
GOOD 2874.000000 1820.000000 3134.000000 2080.000000
GOOD 2760.000000 2054.000000 3020.000000 2314.000000
GOOD 2747.000000 2260.000000 3007.000000 2520.000000
GOOD 2760.000000 2534.000000 3020.000000 2794.000000
GOOD 2834.000000 2807.000000 3094.000000 3067.000000
GOOD 2927.000000 3160.000000 3187.000000 3420.000000
GOOD 3214.000000 3240.000000 3474.000000 3500.000000
GOOD 3240.000000 3547.000000 3500.000000 3807.000000
GOOD 3314.000000 3867.000000 3574.000000 4127.000000
GOOD 3400.000000 4140.000000 3660.000000 4400.000000
GOOD 3320.000000 4427.000000 3580.000000 4687.000000
GOOD 3334.000000 4680.000000 3594.000000 4940.000000
GOOD 2920.000000 4600.000000 3180.000000 4860.000000
GOOD 2927.000000 4314.000000 3187.000000 4574.000000
GOOD 3067.000000 3994.000000 3327.000000 4254.000000
GOOD 2920.000000 3674.000000 3180.000000 3934.000000
GOOD 2827.000000 3440.000000 3087.000000 3700.000000
GOOD 2587.000000 3240.000000 2847.000000 3500.000000
GOOD 2547.000000 2960.000000 2807.000000 3220.000000
GOOD 2454.000000 2654.000000 2714.000000 2914.000000
GOOD 2487.000000 2394.000000 2747.000000 2654.000000
GOOD 2480.000000 2120.000000 2740.000000 2380.000000
GOOD 2467.000000 1734.000000 2727.000000 1994.000000
GOOD 2227.000000 1974.000000 2487.000000 2234.000000
GOOD 1974.000000 2094.000000 2234.000000 2354.000000
GOOD 1680.000000 2274.000000 1940.000000 2534.000000
GOOD 1454.000000 2607.000000 1714.000000 2867.000000
GOOD 1707.000000 2707.000000 1967.000000 2967.000000
GOOD 1954.000000 2520.000000 2214.000000 2780.000000
GOOD 2180.000000 2327.000000 2440.000000 2587.000000
GOOD 2140.000000 2720.000000 2400.000000 2980.000000
GOOD 1980.000000 2980.000000 2240.000000 3240.000000
GOOD 2300.000000 3007.000000 2560.000000 3267.000000
GOOD 2374.000000 3427.000000 2634.000000 3687.000000
GOOD 2554.000000 3780.000000 2814.000000 4040.000000
GOOD 2727.000000 4000.000000 2987.000000 4260.000000
GOOD 2607.000000 4240.000000 2867.000000 4500.000000
GOOD 2560.000000 4507.000000 2820.000000 4767.000000
GOOD 2274.000000 4394.000000 2534.000000 4654.000000
GOOD 1987.000000 4174.000000 2247.000000 4434.000000
GOOD 2007.000000 3920.000000 2267.000000 4180.000000
GOOD 2340.000000 4054.000000 2600.000000 4314.000000
