GOOD 480.000000 3054.000000 740.000000 3314.000000
GOOD 600.000000 2720.000000 860.000000 2980.000000
GOOD 940.000000 2754.000000 1200.000000 3014.000000
GOOD 1247.000000 2714.000000 1507.000000 2974.000000
GOOD 1540.000000 2800.000000 1800.000000 3060.000000
GOOD 1894.000000 2820.000000 2154.000000 3080.000000
GOOD 1880.000000 3127.000000 2140.000000 3387.000000
GOOD 1700.000000 3347.000000 1960.000000 3607.000000
GOOD 1494.000000 3434.000000 1754.000000 3694.000000
GOOD 1360.000000 3674.000000 1620.000000 3934.000000
GOOD 1140.000000 3907.000000 1400.000000 4167.000000
GOOD 900.000000 4027.000000 1160.000000 4287.000000
GOOD 580.000000 4180.000000 840.000000 4440.000000
GOOD 294.000000 4240.000000 554.000000 4500.000000
GOOD 267.000000 3874.000000 527.000000 4134.000000
GOOD 147.000000 3554.000000 407.000000 3814.000000
GOOD 380.000000 3320.000000 640.000000 3580.000000
GOOD 414.000000 3600.000000 674.000000 3860.000000
GOOD 574.000000 3874.000000 834.000000 4134.000000
GOOD 687.000000 3354.000000 947.000000 3614.000000
GOOD 867.000000 3707.000000 1127.000000 3967.000000
GOOD 1047.000000 3494.000000 1307.000000 3754.000000
GOOD 1120.000000 3114.000000 1380.000000 3374.000000
GOOD 187.000000 2620.000000 447.000000 2880.000000
GOOD 167.000000 2254.000000 427.000000 2514.000000
GOOD 180.000000 1914.000000 440.000000 2174.000000
GOOD 134.000000 1580.000000 394.000000 1840.000000
GOOD 160.000000 1294.000000 420.000000 1554.000000
GOOD 127.000000 900.000000 387.000000 1160.000000
GOOD 80.000000 614.000000 340.000000 874.000000
GOOD 394.000000 707.000000 654.000000 967.000000
GOOD 614.000000 1007.000000 874.000000 1267.000000
GOOD 820.000000 1140.000000 1080.000000 1400.000000
GOOD 1014.000000 1334.000000 1274.000000 1594.000000
GOOD 1234.000000 1547.000000 1494.000000 1807.000000
GOOD 1500.000000 1780.000000 1760.000000 2040.000000
GOOD 1674.000000 1934.000000 1934.000000 2194.000000
GOOD 1794.000000 2240.000000 2054.000000 2500.000000
GOOD 1794.000000 2520.000000 2054.000000 2780.000000
GOOD 1107.000000 2380.000000 1367.000000 2640.000000
GOOD 1454.000000 2487.000000 1714.000000 2747.000000
GOOD 1400.000000 2160.000000 1660.000000 2420.000000
GOOD 1167.000000 1967.000000 1427.000000 2227.000000
GOOD 947.000000 1654.000000 1207.000000 1914.000000
GOOD 700.000000 1534.000000 960.000000 1794.000000
GOOD 467.000000 1294.000000 727.000000 1554.000000
GOOD 460.000000 1574.000000 720.000000 1834.000000
GOOD 480.000000 1947.000000 740.000000 2207.000000
GOOD 727.000000 1934.000000 987.000000 2194.000000
GOOD 767.000000 2174.000000 1027.000000 2434.000000
GOOD 420.000000 2327.000000 680.000000 2587.000000
GOOD 720.000000 2500.000000 980.000000 2760.000000
GOOD 100.000000 3040.000000 360.000000 3300.000000
