GOOD 2834.000000 1107.000000 3094.000000 1367.000000
GOOD 3287.000000 1107.000000 3547.000000 1367.000000
GOOD 3234.000000 1454.000000 3494.000000 1714.000000
GOOD 3234.000000 1454.000000 3494.000000 1714.000000
GOOD 2774.000000 1454.000000 3034.000000 1714.000000
GOOD 2454.000000 1534.000000 2714.000000 1794.000000
GOOD 2400.000000 1807.000000 2660.000000 2067.000000
GOOD 2400.000000 1807.000000 2660.000000 2067.000000
GOOD 2887.000000 1967.000000 3147.000000 2227.000000
GOOD 3154.000000 1860.000000 3414.000000 2120.000000
GOOD 2914.000000 2314.000000 3174.000000 2574.000000
GOOD 3180.000000 2474.000000 3440.000000 2734.000000
GOOD 3287.000000 2640.000000 3547.000000 2900.000000
GOOD 3154.000000 2774.000000 3414.000000 3034.000000
GOOD 3100.000000 3147.000000 3360.000000 3407.000000
GOOD 3260.000000 3494.000000 3520.000000 3754.000000
GOOD 3260.000000 3494.000000 3520.000000 3754.000000
GOOD 3314.000000 3874.000000 3574.000000 4134.000000
GOOD 3020.000000 3714.000000 3280.000000 3974.000000
GOOD 2834.000000 3574.000000 3094.000000 3834.000000
GOOD 2507.000000 3687.000000 2767.000000 3947.000000
GOOD 2860.000000 4007.000000 3120.000000 4267.000000
GOOD 2187.000000 2207.000000 2447.000000 2467.000000
GOOD 2507.000000 2100.000000 2767.000000 2360.000000
