GOOD 1634.000000 2834.000000 1894.000000 3094.000000
GOOD 1907.000000 2954.000000 2167.000000 3214.000000
GOOD 2214.000000 2694.000000 2474.000000 2954.000000
GOOD 1860.000000 2394.000000 2120.000000 2654.000000
GOOD 1554.000000 2460.000000 1814.000000 2720.000000
GOOD 1594.000000 2154.000000 1854.000000 2414.000000
GOOD 1727.000000 1900.000000 1987.000000 2160.000000
GOOD 1967.000000 1680.000000 2227.000000 1940.000000
GOOD 2054.000000 1500.000000 2314.000000 1760.000000
GOOD 2174.000000 1220.000000 2434.000000 1480.000000
GOOD 2447.000000 1034.000000 2707.000000 1294.000000
GOOD 2727.000000 894.000000 2987.000000 1154.000000
GOOD 2680.000000 1220.000000 2940.000000 1480.000000
GOOD 2674.000000 1547.000000 2934.000000 1807.000000
GOOD 2647.000000 1834.000000 2907.000000 2094.000000
GOOD 2647.000000 2147.000000 2907.000000 2407.000000
GOOD 2580.000000 2440.000000 2840.000000 2700.000000
GOOD 2687.000000 2734.000000 2947.000000 2994.000000
GOOD 2640.000000 2974.000000 2900.000000 3234.000000
GOOD 2674.000000 3287.000000 2934.000000 3547.000000
GOOD 2640.000000 3554.000000 2900.000000 3814.000000
GOOD 2667.000000 3847.000000 2927.000000 4107.000000
GOOD 2400.000000 3854.000000 2660.000000 4114.000000
GOOD 2160.000000 3807.000000 2420.000000 4067.000000
GOOD 1947.000000 3594.000000 2207.000000 3854.000000
GOOD 1814.000000 3440.000000 2074.000000 3700.000000
GOOD 1660.000000 3127.000000 1920.000000 3387.000000
GOOD 2120.000000 3274.000000 2380.000000 3534.000000
GOOD 2287.000000 3514.000000 2547.000000 3774.000000
GOOD 2340.000000 3060.000000 2600.000000 3320.000000
GOOD 2207.000000 2387.000000 2467.000000 2647.000000
GOOD 2007.000000 2107.000000 2267.000000 2367.000000
GOOD 2367.000000 2087.000000 2627.000000 2347.000000
GOOD 2374.000000 1847.000000 2634.000000 2107.000000
GOOD 2374.000000 1507.000000 2634.000000 1767.000000
