GOOD 220.000000 2367.000000 480.000000 2627.000000
GOOD 567.000000 2367.000000 827.000000 2627.000000
GOOD 947.000000 2287.000000 1207.000000 2547.000000
GOOD 1000.000000 2607.000000 1260.000000 2867.000000
GOOD 647.000000 2687.000000 907.000000 2947.000000
GOOD 700.000000 3007.000000 960.000000 3267.000000
GOOD 460.000000 3034.000000 720.000000 3294.000000
GOOD 300.000000 2740.000000 560.000000 3000.000000
GOOD 167.000000 3060.000000 427.000000 3320.000000
GOOD 194.000000 3520.000000 454.000000 3780.000000
GOOD 540.000000 3327.000000 800.000000 3587.000000
GOOD 220.000000 1180.000000 480.000000 1440.000000
GOOD 620.000000 1427.000000 880.000000 1687.000000
GOOD 727.000000 1827.000000 987.000000 2087.000000
