GOOD 100.000000 1100.000000 360.000000 1360.000000
GOOD 334.000000 1180.000000 594.000000 1440.000000
GOOD 547.000000 1327.000000 807.000000 1587.000000
GOOD 867.000000 1640.000000 1127.000000 1900.000000
GOOD 1007.000000 1887.000000 1267.000000 2147.000000
GOOD 1047.000000 2140.000000 1307.000000 2400.000000
GOOD 1014.000000 2447.000000 1274.000000 2707.000000
GOOD 960.000000 2980.000000 1220.000000 3240.000000
GOOD 807.000000 3180.000000 1067.000000 3440.000000
GOOD 460.000000 3387.000000 720.000000 3647.000000
GOOD 314.000000 3654.000000 574.000000 3914.000000
GOOD 74.000000 3827.000000 334.000000 4087.000000
GOOD 60.000000 3467.000000 320.000000 3727.000000
GOOD 207.000000 3194.000000 467.000000 3454.000000
GOOD 547.000000 3094.000000 807.000000 3354.000000
GOOD 80.000000 2894.000000 340.000000 3154.000000
GOOD 147.000000 2654.000000 407.000000 2914.000000
GOOD 107.000000 2254.000000 367.000000 2514.000000
GOOD 80.000000 1954.000000 340.000000 2214.000000
GOOD 60.000000 1514.000000 320.000000 1774.000000
GOOD 280.000000 1634.000000 540.000000 1894.000000
GOOD 634.000000 1700.000000 894.000000 1960.000000
GOOD 427.000000 1967.000000 687.000000 2227.000000
GOOD 614.000000 2047.000000 874.000000 2307.000000
GOOD 454.000000 2240.000000 714.000000 2500.000000
