GOOD 187.000000 914.000000 447.000000 1174.000000
GOOD 527.000000 947.000000 787.000000 1207.000000
GOOD 927.000000 1027.000000 1187.000000 1287.000000
GOOD 1347.000000 1140.000000 1607.000000 1400.000000
GOOD 1634.000000 1454.000000 1894.000000 1714.000000
GOOD 1947.000000 1540.000000 2207.000000 1800.000000
GOOD 2260.000000 1680.000000 2520.000000 1940.000000
GOOD 2200.000000 1940.000000 2460.000000 2200.000000
GOOD 2374.000000 2334.000000 2634.000000 2594.000000
GOOD 2260.000000 2647.000000 2520.000000 2907.000000
GOOD 2000.000000 2447.000000 2260.000000 2707.000000
GOOD 1687.000000 2020.000000 1947.000000 2280.000000
GOOD 1687.000000 2020.000000 1947.000000 2280.000000
GOOD 1347.000000 1740.000000 1607.000000 2000.000000
GOOD 867.000000 1767.000000 1127.000000 2027.000000
GOOD 414.000000 1767.000000 674.000000 2027.000000
GOOD 327.000000 1314.000000 587.000000 1574.000000
GOOD 387.000000 2394.000000 647.000000 2654.000000
GOOD 780.000000 2220.000000 1040.000000 2480.000000
GOOD 1234.000000 2307.000000 1494.000000 2567.000000
GOOD 1234.000000 2307.000000 1494.000000 2567.000000
GOOD 614.000000 3160.000000 874.000000 3420.000000
GOOD 467.000000 2847.000000 727.000000 3107.000000
GOOD 807.000000 2787.000000 1067.000000 3047.000000
GOOD 1234.000000 2734.000000 1494.000000 2994.000000
GOOD 1607.000000 2734.000000 1867.000000 2994.000000
GOOD 1607.000000 2394.000000 1867.000000 2654.000000
GOOD 414.000000 3700.000000 674.000000 3960.000000
GOOD 1007.000000 3247.000000 1267.000000 3507.000000
GOOD 807.000000 3614.000000 1067.000000 3874.000000
GOOD 1234.000000 3560.000000 1494.000000 3820.000000
GOOD 1380.000000 3100.000000 1640.000000 3360.000000
GOOD 1947.000000 2960.000000 2207.000000 3220.000000
