GOOD 80.000000 2467.000000 340.000000 2727.000000
GOOD 467.000000 2467.000000 727.000000 2727.000000
GOOD 467.000000 2467.000000 727.000000 2727.000000
GOOD 467.000000 2467.000000 727.000000 2727.000000
GOOD 800.000000 2414.000000 1060.000000 2674.000000
GOOD 1140.000000 2414.000000 1400.000000 2674.000000
GOOD 1500.000000 2394.000000 1760.000000 2654.000000
GOOD 1814.000000 2634.000000 2074.000000 2894.000000
GOOD 1814.000000 2634.000000 2074.000000 2894.000000
GOOD 1814.000000 2634.000000 2074.000000 2894.000000
GOOD 1814.000000 2900.000000 2074.000000 3160.000000
GOOD 1787.000000 3094.000000 2047.000000 3354.000000
GOOD 1547.000000 2900.000000 1807.000000 3160.000000
GOOD 1307.000000 2754.000000 1567.000000 3014.000000
GOOD 827.000000 2754.000000 1087.000000 3014.000000
GOOD 1040.000000 3040.000000 1300.000000 3300.000000
GOOD 1334.000000 3214.000000 1594.000000 3474.000000
GOOD 1527.000000 3454.000000 1787.000000 3714.000000
GOOD 1040.000000 3600.000000 1300.000000 3860.000000
GOOD 1380.000000 3887.000000 1640.000000 4147.000000
GOOD 920.000000 3934.000000 1180.000000 4194.000000
GOOD 514.000000 3960.000000 774.000000 4220.000000
GOOD 200.000000 3794.000000 460.000000 4054.000000
GOOD 560.000000 3647.000000 820.000000 3907.000000
GOOD 560.000000 3647.000000 820.000000 3907.000000
GOOD 727.000000 3287.000000 987.000000 3547.000000
GOOD 514.000000 2974.000000 774.000000 3234.000000
GOOD 514.000000 2974.000000 774.000000 3234.000000
GOOD 200.000000 2827.000000 460.000000 3087.000000
GOOD 200.000000 2827.000000 460.000000 3087.000000
GOOD 154.000000 3114.000000 414.000000 3374.000000
GOOD 154.000000 3114.000000 414.000000 3374.000000
GOOD 154.000000 3114.000000 414.000000 3374.000000
GOOD 200.000000 3474.000000 460.000000 3734.000000
GOOD 200.000000 3474.000000 460.000000 3734.000000
GOOD 200.000000 3474.000000 460.000000 3734.000000
GOOD 200.000000 3474.000000 460.000000 3734.000000
GOOD 800.000000 2100.000000 1060.000000 2360.000000
GOOD 1160.000000 2007.000000 1420.000000 2267.000000
GOOD 754.000000 1714.000000 1014.000000 1974.000000
GOOD 414.000000 1887.000000 674.000000 2147.000000
GOOD 247.000000 1620.000000 507.000000 1880.000000
GOOD 7.000000 1280.000000 267.000000 1540.000000
GOOD 300.000000 1280.000000 560.000000 1540.000000
