GOOD 2480.000000 2534.000000 2740.000000 2794.000000
GOOD 2520.000000 2840.000000 2780.000000 3100.000000
GOOD 2707.000000 3174.000000 2967.000000 3434.000000
GOOD 2454.000000 3234.000000 2714.000000 3494.000000
GOOD 2187.000000 3134.000000 2447.000000 3394.000000
GOOD 2087.000000 2800.000000 2347.000000 3060.000000
GOOD 1880.000000 2507.000000 2140.000000 2767.000000
GOOD 2207.000000 2507.000000 2467.000000 2767.000000
GOOD 2687.000000 2427.000000 2947.000000 2687.000000
GOOD 2640.000000 2740.000000 2900.000000 3000.000000
GOOD 1940.000000 2180.000000 2200.000000 2440.000000
GOOD 2207.000000 2140.000000 2467.000000 2400.000000
GOOD 2434.000000 2140.000000 2694.000000 2400.000000
GOOD 2167.000000 1907.000000 2427.000000 2167.000000
GOOD 2620.000000 1394.000000 2880.000000 1654.000000
