GOOD 40.000000 1907.000000 300.000000 2167.000000
GOOD 347.000000 2047.000000 607.000000 2307.000000
GOOD 520.000000 2434.000000 780.000000 2694.000000
GOOD 307.000000 2800.000000 567.000000 3060.000000
GOOD 140.000000 2980.000000 400.000000 3240.000000
GOOD 147.000000 3207.000000 407.000000 3467.000000
GOOD 160.000000 3374.000000 420.000000 3634.000000
GOOD 94.000000 3654.000000 354.000000 3914.000000
GOOD 160.000000 3894.000000 420.000000 4154.000000
GOOD 267.000000 4127.000000 527.000000 4387.000000
GOOD 547.000000 4127.000000 807.000000 4387.000000
GOOD 967.000000 4007.000000 1227.000000 4267.000000
GOOD 1167.000000 3794.000000 1427.000000 4054.000000
GOOD 1360.000000 3500.000000 1620.000000 3760.000000
GOOD 1507.000000 3227.000000 1767.000000 3487.000000
GOOD 1620.000000 2900.000000 1880.000000 3160.000000
GOOD 1707.000000 2620.000000 1967.000000 2880.000000
GOOD 1680.000000 2227.000000 1940.000000 2487.000000
GOOD 1560.000000 1954.000000 1820.000000 2214.000000
GOOD 1334.000000 1700.000000 1594.000000 1960.000000
GOOD 1100.000000 1480.000000 1360.000000 1740.000000
GOOD 847.000000 1227.000000 1107.000000 1487.000000
GOOD 620.000000 1034.000000 880.000000 1294.000000
GOOD 427.000000 887.000000 687.000000 1147.000000
GOOD 140.000000 780.000000 400.000000 1040.000000
GOOD 100.000000 1067.000000 360.000000 1327.000000
GOOD 107.000000 1287.000000 367.000000 1547.000000
GOOD 67.000000 1607.000000 327.000000 1867.000000
GOOD 420.000000 1214.000000 680.000000 1474.000000
GOOD 400.000000 1500.000000 660.000000 1760.000000
GOOD 400.000000 1774.000000 660.000000 2034.000000
GOOD 667.000000 1500.000000 927.000000 1760.000000
GOOD 854.000000 1694.000000 1114.000000 1954.000000
GOOD 1067.000000 1847.000000 1327.000000 2107.000000
GOOD 1287.000000 2127.000000 1547.000000 2387.000000
GOOD 1400.000000 2354.000000 1660.000000 2614.000000
GOOD 1380.000000 2647.000000 1640.000000 2907.000000
GOOD 1307.000000 2980.000000 1567.000000 3240.000000
GOOD 1147.000000 3187.000000 1407.000000 3447.000000
GOOD 1047.000000 3467.000000 1307.000000 3727.000000
GOOD 827.000000 3694.000000 1087.000000 3954.000000
GOOD 507.000000 3787.000000 767.000000 4047.000000
GOOD 374.000000 3500.000000 634.000000 3760.000000
GOOD 574.000000 3414.000000 834.000000 3674.000000
GOOD 807.000000 3247.000000 1067.000000 3507.000000
GOOD 440.000000 3087.000000 700.000000 3347.000000
GOOD 734.000000 2867.000000 994.000000 3127.000000
GOOD 1027.000000 2820.000000 1287.000000 3080.000000
GOOD 1094.000000 2500.000000 1354.000000 2760.000000
GOOD 794.000000 2507.000000 1054.000000 2767.000000
GOOD 907.000000 2240.000000 1167.000000 2500.000000
GOOD 674.000000 1987.000000 934.000000 2247.000000
