GOOD 2660.000000 2507.000000 2920.000000 2767.000000
GOOD 1940.000000 2514.000000 2200.000000 2774.000000
GOOD 1987.000000 2034.000000 2247.000000 2294.000000
GOOD 1987.000000 2034.000000 2247.000000 2294.000000
GOOD 1967.000000 3194.000000 2227.000000 3454.000000
GOOD 2720.000000 3474.000000 2980.000000 3734.000000
GOOD 2374.000000 3060.000000 2634.000000 3320.000000
GOOD 2374.000000 3060.000000 2634.000000 3320.000000
GOOD 2900.000000 3814.000000 3160.000000 4074.000000
GOOD 3354.000000 3334.000000 3614.000000 3594.000000
GOOD 3080.000000 1694.000000 3340.000000 1954.000000
GOOD 2580.000000 1260.000000 2840.000000 1520.000000
GOOD 2127.000000 1554.000000 2387.000000 1814.000000
GOOD 2534.000000 1780.000000 2794.000000 2040.000000
