GOOD 1234.000000 2974.000000 1494.000000 3234.000000
GOOD 1520.000000 2820.000000 1780.000000 3080.000000
GOOD 1467.000000 2514.000000 1727.000000 2774.000000
GOOD 1567.000000 2167.000000 1827.000000 2427.000000
GOOD 1567.000000 1774.000000 1827.000000 2034.000000
GOOD 1527.000000 1420.000000 1787.000000 1680.000000
GOOD 1734.000000 1234.000000 1994.000000 1494.000000
GOOD 2007.000000 1107.000000 2267.000000 1367.000000
GOOD 2234.000000 1087.000000 2494.000000 1347.000000
GOOD 2500.000000 1007.000000 2760.000000 1267.000000
GOOD 2500.000000 1334.000000 2760.000000 1594.000000
GOOD 2147.000000 1334.000000 2407.000000 1594.000000
GOOD 1860.000000 1547.000000 2120.000000 1807.000000
GOOD 1820.000000 1914.000000 2080.000000 2174.000000
GOOD 2107.000000 1774.000000 2367.000000 2034.000000
GOOD 2334.000000 1687.000000 2594.000000 1947.000000
GOOD 2500.000000 1934.000000 2760.000000 2194.000000
GOOD 2480.000000 2227.000000 2740.000000 2487.000000
GOOD 2147.000000 2100.000000 2407.000000 2360.000000
GOOD 1860.000000 2167.000000 2120.000000 2427.000000
GOOD 1860.000000 2514.000000 2120.000000 2774.000000
GOOD 2194.000000 2474.000000 2454.000000 2734.000000
GOOD 2480.000000 2560.000000 2740.000000 2820.000000
GOOD 2460.000000 2867.000000 2720.000000 3127.000000
GOOD 2440.000000 3200.000000 2700.000000 3460.000000
GOOD 2440.000000 3507.000000 2700.000000 3767.000000
GOOD 2127.000000 3554.000000 2387.000000 3814.000000
GOOD 2087.000000 3280.000000 2347.000000 3540.000000
GOOD 2127.000000 2867.000000 2387.000000 3127.000000
GOOD 1820.000000 2747.000000 2080.000000 3007.000000
GOOD 1840.000000 3134.000000 2100.000000 3394.000000
GOOD 1487.000000 3094.000000 1747.000000 3354.000000
GOOD 1694.000000 3347.000000 1954.000000 3607.000000
GOOD 1240.000000 2287.000000 1500.000000 2547.000000
GOOD 1300.000000 1894.000000 1560.000000 2154.000000
