GOOD 334.000000 787.000000 594.000000 1047.000000
GOOD 334.000000 1134.000000 594.000000 1394.000000
GOOD 360.000000 1560.000000 620.000000 1820.000000
GOOD 794.000000 1427.000000 1054.000000 1687.000000
GOOD 794.000000 1427.000000 1054.000000 1687.000000
GOOD 1274.000000 1374.000000 1534.000000 1634.000000
GOOD 1594.000000 1400.000000 1854.000000 1660.000000
GOOD 1734.000000 1700.000000 1994.000000 1960.000000
GOOD 1920.000000 1914.000000 2180.000000 2174.000000
GOOD 1814.000000 2180.000000 2074.000000 2440.000000
GOOD 1734.000000 2500.000000 1994.000000 2760.000000
GOOD 1734.000000 2500.000000 1994.000000 2760.000000
GOOD 1514.000000 2180.000000 1774.000000 2440.000000
GOOD 1514.000000 2180.000000 1774.000000 2440.000000
GOOD 1407.000000 1807.000000 1667.000000 2067.000000
GOOD 1167.000000 1754.000000 1427.000000 2014.000000
GOOD 1167.000000 1754.000000 1427.000000 2014.000000
GOOD 1167.000000 1754.000000 1427.000000 2014.000000
GOOD 767.000000 1754.000000 1027.000000 2014.000000
GOOD 767.000000 1754.000000 1027.000000 2014.000000
GOOD 767.000000 1754.000000 1027.000000 2014.000000
GOOD 360.000000 1860.000000 620.000000 2120.000000
GOOD 634.000000 2154.000000 894.000000 2414.000000
GOOD 634.000000 2154.000000 894.000000 2414.000000
GOOD 1060.000000 1967.000000 1320.000000 2227.000000
GOOD 980.000000 2260.000000 1240.000000 2520.000000
GOOD 1300.000000 2394.000000 1560.000000 2654.000000
GOOD 1434.000000 2667.000000 1694.000000 2927.000000
GOOD 1760.000000 2800.000000 2020.000000 3060.000000
GOOD 1274.000000 2987.000000 1534.000000 3247.000000
GOOD 927.000000 2960.000000 1187.000000 3220.000000
GOOD 1034.000000 2527.000000 1294.000000 2787.000000
GOOD 687.000000 2500.000000 947.000000 2760.000000
GOOD 687.000000 2500.000000 947.000000 2760.000000
GOOD 927.000000 3307.000000 1187.000000 3567.000000
GOOD 527.000000 3307.000000 787.000000 3567.000000
GOOD 227.000000 3147.000000 487.000000 3407.000000
GOOD 554.000000 2774.000000 814.000000 3034.000000
GOOD 227.000000 2720.000000 487.000000 2980.000000
GOOD 227.000000 2720.000000 487.000000 2980.000000
GOOD 280.000000 2314.000000 540.000000 2574.000000
GOOD 280.000000 2314.000000 540.000000 2574.000000
GOOD 554.000000 1967.000000 814.000000 2227.000000
GOOD 1787.000000 3360.000000 2047.000000 3620.000000
