GOOD 2194.000000 1087.000000 2454.000000 1347.000000
GOOD 1827.000000 1380.000000 2087.000000 1640.000000
GOOD 2194.000000 1527.000000 2454.000000 1787.000000
GOOD 1800.000000 1674.000000 2060.000000 1934.000000
GOOD 1800.000000 1674.000000 2060.000000 1934.000000
GOOD 2094.000000 1894.000000 2354.000000 2154.000000
GOOD 2220.000000 2287.000000 2480.000000 2547.000000
GOOD 2220.000000 2287.000000 2480.000000 2547.000000
GOOD 2194.000000 2634.000000 2454.000000 2894.000000
GOOD 2167.000000 3000.000000 2427.000000 3260.000000
GOOD 1847.000000 2954.000000 2107.000000 3214.000000
GOOD 1800.000000 2634.000000 2060.000000 2894.000000
GOOD 1774.000000 2267.000000 2034.000000 2527.000000
GOOD 1527.000000 2020.000000 1787.000000 2280.000000
GOOD 1334.000000 2360.000000 1594.000000 2620.000000
GOOD 1434.000000 2734.000000 1694.000000 2994.000000
GOOD 1040.000000 2900.000000 1300.000000 3160.000000
GOOD 1434.000000 3074.000000 1694.000000 3334.000000
GOOD 1134.000000 3320.000000 1394.000000 3580.000000
