GOOD 2720.000000 2487.000000 2980.000000 2747.000000
GOOD 2680.000000 2840.000000 2940.000000 3100.000000
GOOD 2740.000000 3140.000000 3000.000000 3400.000000
GOOD 2700.000000 3400.000000 2960.000000 3660.000000
GOOD 2427.000000 3380.000000 2687.000000 3640.000000
GOOD 2207.000000 3247.000000 2467.000000 3507.000000
GOOD 2460.000000 3074.000000 2720.000000 3334.000000
GOOD 1894.000000 3074.000000 2154.000000 3334.000000
GOOD 1640.000000 2847.000000 1900.000000 3107.000000
GOOD 1420.000000 2567.000000 1680.000000 2827.000000
GOOD 1267.000000 2194.000000 1527.000000 2454.000000
GOOD 1400.000000 1860.000000 1660.000000 2120.000000
GOOD 1367.000000 1574.000000 1627.000000 1834.000000
GOOD 1440.000000 1287.000000 1700.000000 1547.000000
GOOD 1660.000000 1100.000000 1920.000000 1360.000000
GOOD 1874.000000 914.000000 2134.000000 1174.000000
GOOD 2140.000000 680.000000 2400.000000 940.000000
GOOD 2394.000000 480.000000 2654.000000 740.000000
GOOD 2760.000000 367.000000 3020.000000 627.000000
GOOD 2694.000000 660.000000 2954.000000 920.000000
GOOD 2740.000000 1040.000000 3000.000000 1300.000000
GOOD 2720.000000 1387.000000 2980.000000 1647.000000
GOOD 2334.000000 1554.000000 2594.000000 1814.000000
GOOD 2054.000000 1900.000000 2314.000000 2160.000000
GOOD 1834.000000 2240.000000 2094.000000 2500.000000
GOOD 1900.000000 2660.000000 2160.000000 2920.000000
GOOD 2180.000000 2840.000000 2440.000000 3100.000000
GOOD 1560.000000 2180.000000 1820.000000 2440.000000
GOOD 1707.000000 1734.000000 1967.000000 1994.000000
GOOD 1847.000000 1207.000000 2107.000000 1467.000000
GOOD 1947.000000 1454.000000 2207.000000 1714.000000
GOOD 2260.000000 1200.000000 2520.000000 1460.000000
GOOD 2407.000000 914.000000 2667.000000 1174.000000
