GOOD 3674.000000 1320.000000 3934.000000 1580.000000
GOOD 3287.000000 1327.000000 3547.000000 1587.000000
GOOD 2980.000000 1387.000000 3240.000000 1647.000000
GOOD 2600.000000 1420.000000 2860.000000 1680.000000
GOOD 2600.000000 1420.000000 2860.000000 1680.000000
GOOD 2260.000000 1540.000000 2520.000000 1800.000000
GOOD 2027.000000 1820.000000 2287.000000 2080.000000
GOOD 1740.000000 2107.000000 2000.000000 2367.000000
GOOD 1587.000000 2340.000000 1847.000000 2600.000000
GOOD 1587.000000 2700.000000 1847.000000 2960.000000
GOOD 1894.000000 2434.000000 2154.000000 2694.000000
GOOD 2140.000000 2227.000000 2400.000000 2487.000000
GOOD 2374.000000 1920.000000 2634.000000 2180.000000
GOOD 2774.000000 1687.000000 3034.000000 1947.000000
GOOD 3020.000000 1747.000000 3280.000000 2007.000000
GOOD 3327.000000 1687.000000 3587.000000 1947.000000
GOOD 3327.000000 1687.000000 3587.000000 1947.000000
GOOD 3707.000000 1707.000000 3967.000000 1967.000000
GOOD 3687.000000 2094.000000 3947.000000 2354.000000
GOOD 3687.000000 2474.000000 3947.000000 2734.000000
GOOD 3667.000000 2814.000000 3927.000000 3074.000000
GOOD 3614.000000 3140.000000 3874.000000 3400.000000
GOOD 3400.000000 2914.000000 3660.000000 3174.000000
GOOD 3367.000000 2567.000000 3627.000000 2827.000000
GOOD 3347.000000 2260.000000 3607.000000 2520.000000
GOOD 3040.000000 2107.000000 3300.000000 2367.000000
GOOD 2734.000000 2107.000000 2994.000000 2367.000000
GOOD 2660.000000 2494.000000 2920.000000 2754.000000
GOOD 2980.000000 2680.000000 3240.000000 2940.000000
GOOD 2980.000000 3007.000000 3240.000000 3267.000000
GOOD 2714.000000 2854.000000 2974.000000 3114.000000
GOOD 2334.000000 2760.000000 2594.000000 3020.000000
GOOD 1987.000000 2854.000000 2247.000000 3114.000000
GOOD 1740.000000 2967.000000 2000.000000 3227.000000
GOOD 2140.000000 3220.000000 2400.000000 3480.000000
GOOD 2527.000000 3294.000000 2787.000000 3554.000000
GOOD 2527.000000 3294.000000 2787.000000 3554.000000
GOOD 2907.000000 3367.000000 3167.000000 3627.000000
GOOD 3214.000000 3367.000000 3474.000000 3627.000000
GOOD 1974.000000 3447.000000 2234.000000 3707.000000
GOOD 2274.000000 3674.000000 2534.000000 3934.000000
GOOD 2560.000000 3654.000000 2820.000000 3914.000000
GOOD 3000.000000 3674.000000 3260.000000 3934.000000
GOOD 2827.000000 3980.000000 3087.000000 4240.000000
GOOD 2427.000000 4074.000000 2687.000000 4334.000000
GOOD 3420.000000 3580.000000 3680.000000 3840.000000
