GOOD 2360.000000 2520.000000 2620.000000 2780.000000
GOOD 2300.000000 2900.000000 2560.000000 3160.000000
GOOD 2474.000000 3107.000000 2734.000000 3367.000000
GOOD 2707.000000 3394.000000 2967.000000 3654.000000
GOOD 2767.000000 3747.000000 3027.000000 4007.000000
GOOD 3120.000000 3894.000000 3380.000000 4154.000000
GOOD 3354.000000 4040.000000 3614.000000 4300.000000
GOOD 3320.000000 3687.000000 3580.000000 3947.000000
GOOD 3380.000000 3394.000000 3640.000000 3654.000000
GOOD 3440.000000 2987.000000 3700.000000 3247.000000
GOOD 3380.000000 2607.000000 3640.000000 2867.000000
GOOD 3320.000000 2174.000000 3580.000000 2434.000000
GOOD 3320.000000 1820.000000 3580.000000 2080.000000
GOOD 3407.000000 1414.000000 3667.000000 1674.000000
GOOD 3120.000000 1354.000000 3380.000000 1614.000000
GOOD 2854.000000 1500.000000 3114.000000 1760.000000
GOOD 3027.000000 1760.000000 3287.000000 2020.000000
GOOD 2620.000000 1734.000000 2880.000000 1994.000000
GOOD 2474.000000 1967.000000 2734.000000 2227.000000
GOOD 2474.000000 2287.000000 2734.000000 2547.000000
GOOD 3027.000000 3074.000000 3287.000000 3334.000000
GOOD 3060.000000 3454.000000 3320.000000 3714.000000
