GOOD 334.000000 3640.000000 594.000000 3900.000000
GOOD 747.000000 3634.000000 1007.000000 3894.000000
GOOD 1187.000000 3600.000000 1447.000000 3860.000000
GOOD 940.000000 3254.000000 1200.000000 3514.000000
GOOD 654.000000 3254.000000 914.000000 3514.000000
GOOD 374.000000 3287.000000 634.000000 3547.000000
GOOD 407.000000 3947.000000 667.000000 4207.000000
GOOD 720.000000 3820.000000 980.000000 4080.000000
GOOD 1754.000000 2814.000000 2014.000000 3074.000000
GOOD 1440.000000 2627.000000 1700.000000 2887.000000
GOOD 1187.000000 2594.000000 1447.000000 2854.000000
GOOD 940.000000 2780.000000 1200.000000 3040.000000
GOOD 720.000000 2747.000000 980.000000 3007.000000
GOOD 374.000000 2747.000000 634.000000 3007.000000
GOOD 340.000000 2307.000000 600.000000 2567.000000
GOOD 654.000000 2247.000000 914.000000 2507.000000
GOOD 1000.000000 2307.000000 1260.000000 2567.000000
GOOD 1407.000000 2280.000000 1667.000000 2540.000000
GOOD 1787.000000 2527.000000 2047.000000 2787.000000
GOOD 1847.000000 2214.000000 2107.000000 2474.000000
GOOD 1287.000000 1867.000000 1547.000000 2127.000000
GOOD 1627.000000 1934.000000 1887.000000 2194.000000
GOOD 467.000000 1774.000000 727.000000 2034.000000
GOOD 247.000000 1460.000000 507.000000 1720.000000
GOOD 907.000000 1960.000000 1167.000000 2220.000000
