GOOD 1654.000000 2800.000000 1914.000000 3060.000000
GOOD 1954.000000 2614.000000 2214.000000 2874.000000
GOOD 2000.000000 2234.000000 2260.000000 2494.000000
GOOD 1747.000000 2267.000000 2007.000000 2527.000000
GOOD 1500.000000 2234.000000 1760.000000 2494.000000
GOOD 1240.000000 2267.000000 1500.000000 2527.000000
GOOD 1274.000000 2514.000000 1534.000000 2774.000000
GOOD 1327.000000 2747.000000 1587.000000 3007.000000
GOOD 1454.000000 3054.000000 1714.000000 3314.000000
GOOD 1920.000000 3047.000000 2180.000000 3307.000000
GOOD 1207.000000 3154.000000 1467.000000 3414.000000
GOOD 927.000000 2927.000000 1187.000000 3187.000000
GOOD 927.000000 3247.000000 1187.000000 3507.000000
GOOD 587.000000 3334.000000 847.000000 3594.000000
GOOD 800.000000 3514.000000 1060.000000 3774.000000
GOOD 1167.000000 3434.000000 1427.000000 3694.000000
GOOD 434.000000 3714.000000 694.000000 3974.000000
GOOD 180.000000 3587.000000 440.000000 3847.000000
GOOD 167.000000 3347.000000 427.000000 3607.000000
GOOD 167.000000 3047.000000 427.000000 3307.000000
GOOD 140.000000 2754.000000 400.000000 3014.000000
GOOD 180.000000 2434.000000 440.000000 2694.000000
GOOD 214.000000 2007.000000 474.000000 2267.000000
GOOD 220.000000 1527.000000 480.000000 1787.000000
GOOD 294.000000 1214.000000 554.000000 1474.000000
GOOD 147.000000 874.000000 407.000000 1134.000000
GOOD 194.000000 614.000000 454.000000 874.000000
GOOD 214.000000 367.000000 474.000000 627.000000
GOOD 494.000000 427.000000 754.000000 687.000000
GOOD 587.000000 647.000000 847.000000 907.000000
GOOD 460.000000 874.000000 720.000000 1134.000000
GOOD 727.000000 1007.000000 987.000000 1267.000000
GOOD 567.000000 1334.000000 827.000000 1594.000000
GOOD 560.000000 1734.000000 820.000000 1994.000000
GOOD 487.000000 2214.000000 747.000000 2474.000000
GOOD 434.000000 2660.000000 694.000000 2920.000000
GOOD 420.000000 3040.000000 680.000000 3300.000000
GOOD 694.000000 2600.000000 954.000000 2860.000000
GOOD 827.000000 2194.000000 1087.000000 2454.000000
GOOD 920.000000 1887.000000 1180.000000 2147.000000
GOOD 927.000000 1614.000000 1187.000000 1874.000000
GOOD 974.000000 1374.000000 1234.000000 1634.000000
GOOD 1040.000000 907.000000 1300.000000 1167.000000
GOOD 920.000000 574.000000 1180.000000 834.000000
GOOD 1280.000000 980.000000 1540.000000 1240.000000
GOOD 1514.000000 1200.000000 1774.000000 1460.000000
GOOD 1680.000000 1494.000000 1940.000000 1754.000000
GOOD 1860.000000 1754.000000 2120.000000 2014.000000
GOOD 1620.000000 1954.000000 1880.000000 2214.000000
GOOD 1347.000000 1814.000000 1607.000000 2074.000000
GOOD 1287.000000 1467.000000 1547.000000 1727.000000
