GOOD 2607.000000 2514.000000 2867.000000 2774.000000
GOOD 2587.000000 2234.000000 2847.000000 2494.000000
GOOD 2287.000000 2094.000000 2547.000000 2354.000000
GOOD 2094.000000 2367.000000 2354.000000 2627.000000
GOOD 2267.000000 2647.000000 2527.000000 2907.000000
GOOD 2547.000000 2874.000000 2807.000000 3134.000000
GOOD 2580.000000 3100.000000 2840.000000 3360.000000
GOOD 2547.000000 3327.000000 2807.000000 3587.000000
GOOD 2534.000000 3587.000000 2794.000000 3847.000000
GOOD 2587.000000 3787.000000 2847.000000 4047.000000
GOOD 2554.000000 4027.000000 2814.000000 4287.000000
GOOD 2540.000000 4280.000000 2800.000000 4540.000000
GOOD 2534.000000 4560.000000 2794.000000 4820.000000
GOOD 2460.000000 4700.000000 2720.000000 4960.000000
GOOD 2127.000000 4534.000000 2387.000000 4794.000000
GOOD 1834.000000 4407.000000 2094.000000 4667.000000
GOOD 1607.000000 4234.000000 1867.000000 4494.000000
GOOD 1274.000000 4020.000000 1534.000000 4280.000000
GOOD 1074.000000 3787.000000 1334.000000 4047.000000
GOOD 900.000000 3500.000000 1160.000000 3760.000000
GOOD 727.000000 3267.000000 987.000000 3527.000000
GOOD 740.000000 2994.000000 1000.000000 3254.000000
GOOD 774.000000 2647.000000 1034.000000 2907.000000
GOOD 894.000000 2374.000000 1154.000000 2634.000000
GOOD 1074.000000 2114.000000 1334.000000 2374.000000
GOOD 1334.000000 1900.000000 1594.000000 2160.000000
GOOD 1574.000000 1740.000000 1834.000000 2000.000000
GOOD 1814.000000 1514.000000 2074.000000 1774.000000
GOOD 1987.000000 1227.000000 2247.000000 1487.000000
GOOD 2187.000000 994.000000 2447.000000 1254.000000
GOOD 2400.000000 774.000000 2660.000000 1034.000000
GOOD 2580.000000 927.000000 2840.000000 1187.000000
GOOD 2580.000000 1200.000000 2840.000000 1460.000000
GOOD 2534.000000 1620.000000 2794.000000 1880.000000
GOOD 2334.000000 1534.000000 2594.000000 1794.000000
GOOD 2227.000000 1300.000000 2487.000000 1560.000000
GOOD 2067.000000 1634.000000 2327.000000 1894.000000
GOOD 1900.000000 1927.000000 2160.000000 2187.000000
GOOD 1567.000000 2074.000000 1827.000000 2334.000000
GOOD 1314.000000 2294.000000 1574.000000 2554.000000
GOOD 1160.000000 2547.000000 1420.000000 2807.000000
GOOD 1167.000000 2820.000000 1427.000000 3080.000000
GOOD 1000.000000 3267.000000 1260.000000 3527.000000
GOOD 1847.000000 2374.000000 2107.000000 2634.000000
GOOD 1880.000000 2734.000000 2140.000000 2994.000000
GOOD 2127.000000 2954.000000 2387.000000 3214.000000
GOOD 2214.000000 3174.000000 2474.000000 3434.000000
GOOD 2194.000000 3414.000000 2454.000000 3674.000000
GOOD 2214.000000 3767.000000 2474.000000 4027.000000
GOOD 2147.000000 4160.000000 2407.000000 4420.000000
GOOD 1807.000000 4000.000000 2067.000000 4260.000000
GOOD 1854.000000 3600.000000 2114.000000 3860.000000
GOOD 1854.000000 3294.000000 2114.000000 3554.000000
GOOD 1754.000000 3020.000000 2014.000000 3280.000000
GOOD 1594.000000 2674.000000 1854.000000 2934.000000
GOOD 1367.000000 3040.000000 1627.000000 3300.000000
GOOD 1194.000000 3374.000000 1454.000000 3634.000000
GOOD 1380.000000 3580.000000 1640.000000 3840.000000
GOOD 1574.000000 3334.000000 1834.000000 3594.000000
GOOD 1507.000000 3874.000000 1767.000000 4134.000000
