GOOD 180.000000 3027.000000 440.000000 3287.000000
GOOD 500.000000 2927.000000 760.000000 3187.000000
GOOD 694.000000 2534.000000 954.000000 2794.000000
GOOD 914.000000 2194.000000 1174.000000 2454.000000
GOOD 840.000000 1727.000000 1100.000000 1987.000000
GOOD 427.000000 1480.000000 687.000000 1740.000000
GOOD 180.000000 1060.000000 440.000000 1320.000000
GOOD 107.000000 1527.000000 367.000000 1787.000000
GOOD 34.000000 2460.000000 294.000000 2720.000000
GOOD 107.000000 3320.000000 367.000000 3580.000000
