GOOD 760.000000 1874.000000 1020.000000 2134.000000
GOOD 787.000000 2407.000000 1047.000000 2667.000000
GOOD 1247.000000 2380.000000 1507.000000 2640.000000
GOOD 1394.000000 2020.000000 1654.000000 2280.000000
GOOD 1847.000000 1880.000000 2107.000000 2140.000000
GOOD 967.000000 2887.000000 1227.000000 3147.000000
GOOD 614.000000 3480.000000 874.000000 3740.000000
GOOD 1054.000000 3314.000000 1314.000000 3574.000000
GOOD 1514.000000 3160.000000 1774.000000 3420.000000
GOOD 1374.000000 3500.000000 1634.000000 3760.000000
GOOD 1480.000000 2740.000000 1740.000000 3000.000000
GOOD 2314.000000 2740.000000 2574.000000 3000.000000
GOOD 2320.000000 2427.000000 2580.000000 2687.000000
GOOD 2294.000000 1947.000000 2554.000000 2207.000000
GOOD 2207.000000 1660.000000 2467.000000 1920.000000
GOOD 1954.000000 1467.000000 2214.000000 1727.000000
GOOD 887.000000 3860.000000 1147.000000 4120.000000
GOOD 1227.000000 3714.000000 1487.000000 3974.000000
GOOD 1727.000000 3474.000000 1987.000000 3734.000000
GOOD 2120.000000 3047.000000 2380.000000 3307.000000
GOOD 1994.000000 2734.000000 2254.000000 2994.000000
GOOD 1780.000000 2967.000000 2040.000000 3227.000000
GOOD 2067.000000 2474.000000 2327.000000 2734.000000
GOOD 1714.000000 2507.000000 1974.000000 2767.000000
