GOOD 907.000000 2380.000000 1167.000000 2640.000000
GOOD 1054.000000 2727.000000 1314.000000 2987.000000
GOOD 1400.000000 2900.000000 1660.000000 3160.000000
GOOD 1767.000000 2754.000000 2027.000000 3014.000000
GOOD 1800.000000 2460.000000 2060.000000 2720.000000
GOOD 1820.000000 2240.000000 2080.000000 2500.000000
GOOD 1680.000000 2014.000000 1940.000000 2274.000000
GOOD 1327.000000 1960.000000 1587.000000 2220.000000
GOOD 1027.000000 2094.000000 1287.000000 2354.000000
GOOD 2127.000000 2227.000000 2387.000000 2487.000000
GOOD 2054.000000 1900.000000 2314.000000 2160.000000
GOOD 1967.000000 1600.000000 2227.000000 1860.000000
GOOD 1774.000000 1307.000000 2034.000000 1567.000000
GOOD 1547.000000 1087.000000 1807.000000 1347.000000
GOOD 1334.000000 800.000000 1594.000000 1060.000000
GOOD 1087.000000 620.000000 1347.000000 880.000000
GOOD 860.000000 414.000000 1120.000000 674.000000
GOOD 560.000000 280.000000 820.000000 540.000000
GOOD 280.000000 120.000000 540.000000 380.000000
GOOD 2154.000000 2494.000000 2414.000000 2754.000000
GOOD 2120.000000 2760.000000 2380.000000 3020.000000
GOOD 1967.000000 3000.000000 2227.000000 3260.000000
GOOD 1660.000000 3187.000000 1920.000000 3447.000000
GOOD 1447.000000 3414.000000 1707.000000 3674.000000
GOOD 1180.000000 3594.000000 1440.000000 3854.000000
GOOD 934.000000 3740.000000 1194.000000 4000.000000
GOOD 660.000000 3840.000000 920.000000 4100.000000
GOOD 300.000000 3900.000000 560.000000 4160.000000
GOOD 40.000000 3934.000000 300.000000 4194.000000
GOOD 54.000000 3660.000000 314.000000 3920.000000
GOOD 87.000000 3180.000000 347.000000 3440.000000
GOOD 127.000000 2760.000000 387.000000 3020.000000
GOOD 107.000000 2420.000000 367.000000 2680.000000
GOOD 87.000000 2114.000000 347.000000 2374.000000
GOOD 94.000000 1820.000000 354.000000 2080.000000
GOOD 94.000000 1640.000000 354.000000 1900.000000
GOOD 94.000000 1394.000000 354.000000 1654.000000
GOOD 94.000000 1114.000000 354.000000 1374.000000
GOOD 67.000000 814.000000 327.000000 1074.000000
GOOD 100.000000 494.000000 360.000000 754.000000
GOOD 420.000000 560.000000 680.000000 820.000000
GOOD 707.000000 694.000000 967.000000 954.000000
GOOD 954.000000 960.000000 1214.000000 1220.000000
GOOD 1240.000000 1174.000000 1500.000000 1434.000000
GOOD 1480.000000 1534.000000 1740.000000 1794.000000
GOOD 1207.000000 1554.000000 1467.000000 1814.000000
GOOD 960.000000 1367.000000 1220.000000 1627.000000
GOOD 720.000000 1174.000000 980.000000 1434.000000
GOOD 467.000000 947.000000 727.000000 1207.000000
GOOD 434.000000 1214.000000 694.000000 1474.000000
GOOD 447.000000 1487.000000 707.000000 1747.000000
GOOD 747.000000 1627.000000 1007.000000 1887.000000
GOOD 480.000000 1867.000000 740.000000 2127.000000
GOOD 427.000000 2134.000000 687.000000 2394.000000
GOOD 407.000000 2527.000000 667.000000 2787.000000
GOOD 407.000000 2807.000000 667.000000 3067.000000
GOOD 374.000000 3127.000000 634.000000 3387.000000
GOOD 374.000000 3440.000000 634.000000 3700.000000
GOOD 634.000000 3494.000000 894.000000 3754.000000
GOOD 940.000000 3320.000000 1200.000000 3580.000000
GOOD 1227.000000 3187.000000 1487.000000 3447.000000
GOOD 1040.000000 3047.000000 1300.000000 3307.000000
GOOD 734.000000 3040.000000 994.000000 3300.000000
GOOD 680.000000 2800.000000 940.000000 3060.000000
GOOD 747.000000 2060.000000 1007.000000 2320.000000
GOOD 1000.000000 1734.000000 1260.000000 1994.000000
