GOOD 1827.000000 2727.000000 2087.000000 2987.000000
GOOD 1820.000000 3074.000000 2080.000000 3334.000000
GOOD 1727.000000 3494.000000 1987.000000 3754.000000
GOOD 1007.000000 3714.000000 1267.000000 3974.000000
GOOD 320.000000 3647.000000 580.000000 3907.000000
GOOD 534.000000 4094.000000 794.000000 4354.000000
GOOD 1240.000000 4007.000000 1500.000000 4267.000000
GOOD 854.000000 4320.000000 1114.000000 4580.000000
GOOD 1127.000000 3314.000000 1387.000000 3574.000000
GOOD 1107.000000 2527.000000 1367.000000 2787.000000
