GOOD 314.000000 2954.000000 574.000000 3214.000000
GOOD 707.000000 2954.000000 967.000000 3214.000000
GOOD 1027.000000 3087.000000 1287.000000 3347.000000
GOOD 1394.000000 3087.000000 1654.000000 3347.000000
GOOD 627.000000 3427.000000 887.000000 3687.000000
GOOD 154.000000 3300.000000 414.000000 3560.000000
GOOD 154.000000 3300.000000 414.000000 3560.000000
GOOD 1100.000000 3374.000000 1360.000000 3634.000000
GOOD 1474.000000 3374.000000 1734.000000 3634.000000
GOOD 1474.000000 3374.000000 1734.000000 3634.000000
GOOD 1054.000000 3747.000000 1314.000000 4007.000000
GOOD 600.000000 3694.000000 860.000000 3954.000000
GOOD 180.000000 3694.000000 440.000000 3954.000000
GOOD 234.000000 4114.000000 494.000000 4374.000000
GOOD 234.000000 4114.000000 494.000000 4374.000000
GOOD 547.000000 4060.000000 807.000000 4320.000000
