GOOD 100.000000 747.000000 360.000000 1007.000000
GOOD 527.000000 914.000000 787.000000 1174.000000
GOOD 160.000000 1114.000000 420.000000 1374.000000
GOOD 500.000000 1287.000000 760.000000 1547.000000
GOOD 840.000000 1114.000000 1100.000000 1374.000000
GOOD 840.000000 1480.000000 1100.000000 1740.000000
GOOD 160.000000 1514.000000 420.000000 1774.000000
GOOD 160.000000 1880.000000 420.000000 2140.000000
GOOD 467.000000 1680.000000 727.000000 1940.000000
GOOD 867.000000 1794.000000 1127.000000 2054.000000
