GOOD 2447.000000 2400.000000 2707.000000 2660.000000
GOOD 2687.000000 2720.000000 2947.000000 2980.000000
GOOD 2687.000000 3220.000000 2947.000000 3480.000000
GOOD 2687.000000 3694.000000 2947.000000 3954.000000
GOOD 2687.000000 3694.000000 2947.000000 3954.000000
GOOD 2634.000000 4247.000000 2894.000000 4507.000000
GOOD 2207.000000 4167.000000 2467.000000 4427.000000
GOOD 2187.000000 3827.000000 2447.000000 4087.000000
GOOD 2187.000000 3827.000000 2447.000000 4087.000000
GOOD 2234.000000 3427.000000 2494.000000 3687.000000
GOOD 2260.000000 3087.000000 2520.000000 3347.000000
GOOD 1947.000000 3087.000000 2207.000000 3347.000000
GOOD 1840.000000 3374.000000 2100.000000 3634.000000
GOOD 1840.000000 3374.000000 2100.000000 3634.000000
GOOD 1840.000000 3774.000000 2100.000000 4034.000000
GOOD 1840.000000 3774.000000 2100.000000 4034.000000
GOOD 1787.000000 4114.000000 2047.000000 4374.000000
GOOD 1787.000000 4114.000000 2047.000000 4374.000000
GOOD 1447.000000 3880.000000 1707.000000 4140.000000
GOOD 1314.000000 3454.000000 1574.000000 3714.000000
GOOD 1314.000000 3454.000000 1574.000000 3714.000000
GOOD 1054.000000 3140.000000 1314.000000 3400.000000
GOOD 1054.000000 3140.000000 1314.000000 3400.000000
GOOD 1314.000000 3167.000000 1574.000000 3427.000000
GOOD 1314.000000 3167.000000 1574.000000 3427.000000
GOOD 1580.000000 3007.000000 1840.000000 3267.000000
GOOD 1580.000000 3007.000000 1840.000000 3267.000000
GOOD 1234.000000 2767.000000 1494.000000 3027.000000
GOOD 1234.000000 2767.000000 1494.000000 3027.000000
GOOD 867.000000 2720.000000 1127.000000 2980.000000
GOOD 867.000000 2720.000000 1127.000000 2980.000000
GOOD 1074.000000 2400.000000 1334.000000 2660.000000
GOOD 1074.000000 2400.000000 1334.000000 2660.000000
GOOD 1760.000000 2794.000000 2020.000000 3054.000000
GOOD 2207.000000 2794.000000 2467.000000 3054.000000
GOOD 2580.000000 1480.000000 2840.000000 1740.000000
GOOD 2634.000000 1160.000000 2894.000000 1420.000000
GOOD 2634.000000 1160.000000 2894.000000 1420.000000
GOOD 2760.000000 660.000000 3020.000000 920.000000
GOOD 2260.000000 820.000000 2520.000000 1080.000000
GOOD 1894.000000 1054.000000 2154.000000 1314.000000
GOOD 2234.000000 1294.000000 2494.000000 1554.000000
