GOOD 154.000000 2120.000000 414.000000 2380.000000
GOOD 567.000000 2307.000000 827.000000 2567.000000
GOOD 940.000000 2260.000000 1200.000000 2520.000000
GOOD 847.000000 2567.000000 1107.000000 2827.000000
GOOD 867.000000 2820.000000 1127.000000 3080.000000
GOOD 707.000000 3100.000000 967.000000 3360.000000
GOOD 454.000000 3354.000000 714.000000 3614.000000
GOOD 267.000000 3727.000000 527.000000 3987.000000
GOOD 127.000000 3354.000000 387.000000 3614.000000
GOOD 334.000000 3054.000000 594.000000 3314.000000
GOOD 567.000000 2700.000000 827.000000 2960.000000
GOOD 334.000000 2700.000000 594.000000 2960.000000
GOOD 80.000000 2587.000000 340.000000 2847.000000
GOOD 220.000000 2747.000000 480.000000 3007.000000
GOOD 80.000000 2980.000000 340.000000 3240.000000
GOOD 1034.000000 2607.000000 1294.000000 2867.000000
