GOOD 2567.000000 3354.000000 2827.000000 3614.000000
GOOD 2694.000000 3774.000000 2954.000000 4034.000000
GOOD 2380.000000 3607.000000 2640.000000 3867.000000
GOOD 2234.000000 3327.000000 2494.000000 3587.000000
GOOD 1954.000000 2714.000000 2214.000000 2974.000000
GOOD 2380.000000 2547.000000 2640.000000 2807.000000
GOOD 2694.000000 2487.000000 2954.000000 2747.000000
GOOD 2674.000000 2127.000000 2934.000000 2387.000000
GOOD 2294.000000 2100.000000 2554.000000 2360.000000
GOOD 1894.000000 2167.000000 2154.000000 2427.000000
GOOD 1894.000000 1827.000000 2154.000000 2087.000000
GOOD 2334.000000 1680.000000 2594.000000 1940.000000
GOOD 2634.000000 1614.000000 2894.000000 1874.000000
GOOD 2674.000000 814.000000 2934.000000 1074.000000
GOOD 2000.000000 1467.000000 2260.000000 1727.000000
