GOOD 27.000000 340.000000 287.000000 600.000000
GOOD 240.000000 427.000000 500.000000 687.000000
GOOD 554.000000 374.000000 814.000000 634.000000
GOOD 887.000000 474.000000 1147.000000 734.000000
GOOD 1220.000000 1074.000000 1480.000000 1334.000000
GOOD 1334.000000 1134.000000 1594.000000 1394.000000
GOOD 1494.000000 1340.000000 1754.000000 1600.000000
GOOD 1667.000000 1614.000000 1927.000000 1874.000000
GOOD 1647.000000 1914.000000 1907.000000 2174.000000
GOOD 1874.000000 2060.000000 2134.000000 2320.000000
GOOD 1987.000000 1840.000000 2247.000000 2100.000000
GOOD 1947.000000 2260.000000 2207.000000 2520.000000
GOOD 1820.000000 2540.000000 2080.000000 2800.000000
GOOD 1680.000000 2754.000000 1940.000000 3014.000000
GOOD 1554.000000 2960.000000 1814.000000 3220.000000
GOOD 1347.000000 3227.000000 1607.000000 3487.000000
GOOD 1040.000000 3440.000000 1300.000000 3700.000000
GOOD 834.000000 3540.000000 1094.000000 3800.000000
GOOD 580.000000 3647.000000 840.000000 3907.000000
GOOD 300.000000 3754.000000 560.000000 4014.000000
GOOD 280.000000 3347.000000 540.000000 3607.000000
GOOD 574.000000 3254.000000 834.000000 3514.000000
GOOD 887.000000 3034.000000 1147.000000 3294.000000
GOOD 1167.000000 2880.000000 1427.000000 3140.000000
GOOD 1334.000000 2614.000000 1594.000000 2874.000000
GOOD 1580.000000 2267.000000 1840.000000 2527.000000
GOOD 1247.000000 2260.000000 1507.000000 2520.000000
GOOD 1220.000000 1860.000000 1480.000000 2120.000000
GOOD 1187.000000 1527.000000 1447.000000 1787.000000
GOOD 880.000000 1320.000000 1140.000000 1580.000000
GOOD 540.000000 1294.000000 800.000000 1554.000000
GOOD 160.000000 1127.000000 420.000000 1387.000000
GOOD 174.000000 1467.000000 434.000000 1727.000000
GOOD 87.000000 1814.000000 347.000000 2074.000000
GOOD 147.000000 2114.000000 407.000000 2374.000000
GOOD 127.000000 2474.000000 387.000000 2734.000000
GOOD 200.000000 2887.000000 460.000000 3147.000000
GOOD 520.000000 2967.000000 780.000000 3227.000000
GOOD 727.000000 2680.000000 987.000000 2940.000000
GOOD 954.000000 2507.000000 1214.000000 2767.000000
GOOD 994.000000 2247.000000 1254.000000 2507.000000
GOOD 920.000000 1907.000000 1180.000000 2167.000000
GOOD 927.000000 1560.000000 1187.000000 1820.000000
GOOD 640.000000 1587.000000 900.000000 1847.000000
GOOD 574.000000 1867.000000 834.000000 2127.000000
GOOD 687.000000 2154.000000 947.000000 2414.000000
GOOD 487.000000 2480.000000 747.000000 2740.000000
