GOOD 3520.000000 2534.000000 3780.000000 2794.000000
GOOD 3100.000000 2534.000000 3360.000000 2794.000000
GOOD 3074.000000 2927.000000 3334.000000 3187.000000
GOOD 3520.000000 2900.000000 3780.000000 3160.000000
GOOD 3420.000000 3274.000000 3680.000000 3534.000000
GOOD 3394.000000 3767.000000 3654.000000 4027.000000
GOOD 3374.000000 4234.000000 3634.000000 4494.000000
GOOD 3374.000000 4234.000000 3634.000000 4494.000000
GOOD 3394.000000 4527.000000 3654.000000 4787.000000
GOOD 3127.000000 4160.000000 3387.000000 4420.000000
GOOD 2807.000000 4207.000000 3067.000000 4467.000000
GOOD 1994.000000 3887.000000 2254.000000 4147.000000
GOOD 1700.000000 3394.000000 1960.000000 3654.000000
GOOD 1654.000000 3054.000000 1914.000000 3314.000000
GOOD 2314.000000 3320.000000 2574.000000 3580.000000
GOOD 2687.000000 3127.000000 2947.000000 3387.000000
GOOD 2240.000000 2780.000000 2500.000000 3040.000000
GOOD 2607.000000 2707.000000 2867.000000 2967.000000
GOOD 2587.000000 2287.000000 2847.000000 2547.000000
GOOD 3054.000000 2020.000000 3314.000000 2280.000000
GOOD 3467.000000 2020.000000 3727.000000 2280.000000
GOOD 2607.000000 1674.000000 2867.000000 1934.000000
GOOD 2047.000000 1527.000000 2307.000000 1787.000000
GOOD 1774.000000 1527.000000 2034.000000 1787.000000
GOOD 1434.000000 2240.000000 1694.000000 2500.000000
GOOD 1434.000000 2634.000000 1694.000000 2894.000000
GOOD 1800.000000 2660.000000 2060.000000 2920.000000
