GOOD 1694.000000 2614.000000 1954.000000 2874.000000
GOOD 1854.000000 1780.000000 2114.000000 2040.000000
GOOD 1640.000000 1807.000000 1900.000000 2067.000000
GOOD 1234.000000 1834.000000 1494.000000 2094.000000
GOOD 1180.000000 2234.000000 1440.000000 2494.000000
GOOD 1260.000000 2527.000000 1520.000000 2787.000000
GOOD 1394.000000 2667.000000 1654.000000 2927.000000
GOOD 1694.000000 3120.000000 1954.000000 3380.000000
GOOD 1694.000000 3120.000000 1954.000000 3380.000000
GOOD 1854.000000 2960.000000 2114.000000 3220.000000
GOOD 1554.000000 2934.000000 1814.000000 3194.000000
GOOD 1880.000000 2580.000000 2140.000000 2840.000000
GOOD 1907.000000 1594.000000 2167.000000 1854.000000
GOOD 1827.000000 1187.000000 2087.000000 1447.000000
GOOD 1527.000000 1374.000000 1787.000000 1634.000000
GOOD 1367.000000 1560.000000 1627.000000 1820.000000
GOOD 1247.000000 3014.000000 1507.000000 3274.000000
