GOOD 1514.000000 3054.000000 1774.000000 3314.000000
GOOD 1834.000000 3054.000000 2094.000000 3314.000000
GOOD 2174.000000 2907.000000 2434.000000 3167.000000
GOOD 2247.000000 2420.000000 2507.000000 2680.000000
GOOD 1867.000000 2200.000000 2127.000000 2460.000000
GOOD 1427.000000 2407.000000 1687.000000 2667.000000
GOOD 1587.000000 2087.000000 1847.000000 2347.000000
GOOD 1940.000000 1927.000000 2200.000000 2187.000000
GOOD 2334.000000 1927.000000 2594.000000 2187.000000
GOOD 2574.000000 2507.000000 2834.000000 2767.000000
GOOD 2674.000000 2240.000000 2934.000000 2500.000000
GOOD 2740.000000 1940.000000 3000.000000 2200.000000
GOOD 2647.000000 2780.000000 2907.000000 3040.000000
GOOD 2667.000000 3134.000000 2927.000000 3394.000000
GOOD 2714.000000 3487.000000 2974.000000 3747.000000
GOOD 2380.000000 3447.000000 2640.000000 3707.000000
GOOD 2020.000000 3387.000000 2280.000000 3647.000000
GOOD 1707.000000 3300.000000 1967.000000 3560.000000
GOOD 2547.000000 3680.000000 2807.000000 3940.000000
GOOD 2207.000000 3680.000000 2467.000000 3940.000000
GOOD 1220.000000 2820.000000 1480.000000 3080.000000
