GOOD 274.000000 3300.000000 534.000000 3560.000000
GOOD 667.000000 3214.000000 927.000000 3474.000000
GOOD 1120.000000 3160.000000 1380.000000 3420.000000
GOOD 1494.000000 3134.000000 1754.000000 3394.000000
GOOD 1860.000000 2987.000000 2120.000000 3247.000000
GOOD 1800.000000 2534.000000 2060.000000 2794.000000
GOOD 1574.000000 2820.000000 1834.000000 3080.000000
GOOD 1154.000000 2734.000000 1414.000000 2994.000000
GOOD 727.000000 2734.000000 987.000000 2994.000000
GOOD 300.000000 2734.000000 560.000000 2994.000000
GOOD 300.000000 2280.000000 560.000000 2540.000000
GOOD 614.000000 2334.000000 874.000000 2594.000000
GOOD 1180.000000 2334.000000 1440.000000 2594.000000
GOOD 1460.000000 2254.000000 1720.000000 2514.000000
GOOD 694.000000 1767.000000 954.000000 2027.000000
GOOD 214.000000 1714.000000 474.000000 1974.000000
GOOD 1120.000000 1714.000000 1380.000000 1974.000000
GOOD 127.000000 1114.000000 387.000000 1374.000000
GOOD 640.000000 1200.000000 900.000000 1460.000000
