GOOD 780.000000 2387.000000 1040.000000 2647.000000
GOOD 1094.000000 2407.000000 1354.000000 2667.000000
GOOD 1280.000000 2740.000000 1540.000000 3000.000000
GOOD 1200.000000 3040.000000 1460.000000 3300.000000
GOOD 920.000000 3067.000000 1180.000000 3327.000000
GOOD 600.000000 2820.000000 860.000000 3080.000000
GOOD 534.000000 2134.000000 794.000000 2394.000000
GOOD 194.000000 2174.000000 454.000000 2434.000000
GOOD 180.000000 1827.000000 440.000000 2087.000000
GOOD 134.000000 1440.000000 394.000000 1700.000000
GOOD 134.000000 1114.000000 394.000000 1374.000000
GOOD 87.000000 707.000000 347.000000 967.000000
GOOD 460.000000 720.000000 720.000000 980.000000
GOOD 767.000000 934.000000 1027.000000 1194.000000
GOOD 1040.000000 1240.000000 1300.000000 1500.000000
GOOD 1254.000000 1540.000000 1514.000000 1800.000000
GOOD 1367.000000 1894.000000 1627.000000 2154.000000
GOOD 1480.000000 2220.000000 1740.000000 2480.000000
GOOD 1520.000000 2600.000000 1780.000000 2860.000000
GOOD 967.000000 3380.000000 1227.000000 3640.000000
GOOD 747.000000 3574.000000 1007.000000 3834.000000
GOOD 474.000000 3714.000000 734.000000 3974.000000
GOOD 134.000000 3834.000000 394.000000 4094.000000
GOOD 147.000000 3514.000000 407.000000 3774.000000
GOOD 427.000000 3360.000000 687.000000 3620.000000
GOOD 674.000000 3127.000000 934.000000 3387.000000
GOOD 314.000000 3054.000000 574.000000 3314.000000
GOOD 194.000000 2754.000000 454.000000 3014.000000
GOOD 267.000000 2467.000000 527.000000 2727.000000
GOOD 487.000000 2454.000000 747.000000 2714.000000
GOOD 774.000000 2140.000000 1034.000000 2400.000000
GOOD 1034.000000 2067.000000 1294.000000 2327.000000
GOOD 974.000000 1754.000000 1234.000000 2014.000000
GOOD 680.000000 1807.000000 940.000000 2067.000000
GOOD 440.000000 1534.000000 700.000000 1794.000000
GOOD 727.000000 1494.000000 987.000000 1754.000000
GOOD 467.000000 1220.000000 727.000000 1480.000000
