GOOD 80.000000 2654.000000 340.000000 2914.000000
GOOD 14.000000 3027.000000 274.000000 3287.000000
GOOD 60.000000 3287.000000 320.000000 3547.000000
GOOD 60.000000 3607.000000 320.000000 3867.000000
GOOD 380.000000 3527.000000 640.000000 3787.000000
GOOD 620.000000 3360.000000 880.000000 3620.000000
GOOD 827.000000 3140.000000 1087.000000 3400.000000
GOOD 1154.000000 2947.000000 1414.000000 3207.000000
GOOD 1320.000000 2720.000000 1580.000000 2980.000000
GOOD 1334.000000 2500.000000 1594.000000 2760.000000
GOOD 1520.000000 2254.000000 1780.000000 2514.000000
GOOD 1600.000000 1920.000000 1860.000000 2180.000000
GOOD 1394.000000 1700.000000 1654.000000 1960.000000
GOOD 1167.000000 1474.000000 1427.000000 1734.000000
GOOD 947.000000 1347.000000 1207.000000 1607.000000
GOOD 707.000000 1114.000000 967.000000 1374.000000
GOOD 580.000000 894.000000 840.000000 1154.000000
GOOD 294.000000 867.000000 554.000000 1127.000000
GOOD 40.000000 854.000000 300.000000 1114.000000
GOOD 100.000000 1100.000000 360.000000 1360.000000
GOOD 194.000000 1320.000000 454.000000 1580.000000
GOOD 427.000000 1200.000000 687.000000 1460.000000
GOOD 520.000000 1460.000000 780.000000 1720.000000
GOOD 787.000000 1634.000000 1047.000000 1894.000000
GOOD 1047.000000 1907.000000 1307.000000 2167.000000
GOOD 1120.000000 2287.000000 1380.000000 2547.000000
GOOD 954.000000 2627.000000 1214.000000 2887.000000
GOOD 720.000000 2820.000000 980.000000 3080.000000
GOOD 520.000000 2994.000000 780.000000 3254.000000
GOOD 427.000000 2734.000000 687.000000 2994.000000
GOOD 687.000000 2480.000000 947.000000 2740.000000
GOOD 827.000000 2167.000000 1087.000000 2427.000000
GOOD 680.000000 1900.000000 940.000000 2160.000000
GOOD 434.000000 1760.000000 694.000000 2020.000000
GOOD 187.000000 1640.000000 447.000000 1900.000000
