GOOD 3254.000000 3167.000000 3514.000000 3427.000000
GOOD 3627.000000 3280.000000 3887.000000 3540.000000
GOOD 3534.000000 3634.000000 3794.000000 3894.000000
GOOD 3514.000000 3980.000000 3774.000000 4240.000000
GOOD 3187.000000 3907.000000 3447.000000 4167.000000
GOOD 3187.000000 3907.000000 3447.000000 4167.000000
GOOD 3187.000000 3560.000000 3447.000000 3820.000000
GOOD 2814.000000 3514.000000 3074.000000 3774.000000
GOOD 2794.000000 3860.000000 3054.000000 4120.000000
GOOD 2540.000000 3680.000000 2800.000000 3940.000000
GOOD 2234.000000 3494.000000 2494.000000 3754.000000
GOOD 2074.000000 3234.000000 2334.000000 3494.000000
GOOD 1840.000000 3027.000000 2100.000000 3287.000000
GOOD 1607.000000 2700.000000 1867.000000 2960.000000
GOOD 1934.000000 2520.000000 2194.000000 2780.000000
GOOD 2074.000000 2794.000000 2334.000000 3054.000000
GOOD 2074.000000 2794.000000 2334.000000 3054.000000
GOOD 2260.000000 3074.000000 2520.000000 3334.000000
GOOD 2514.000000 3214.000000 2774.000000 3474.000000
GOOD 2887.000000 3187.000000 3147.000000 3447.000000
GOOD 2420.000000 2747.000000 2680.000000 3007.000000
GOOD 2327.000000 2494.000000 2587.000000 2754.000000
GOOD 2327.000000 2494.000000 2587.000000 2754.000000
GOOD 2007.000000 2194.000000 2267.000000 2454.000000
GOOD 2007.000000 2194.000000 2267.000000 2454.000000
GOOD 2354.000000 2100.000000 2614.000000 2360.000000
GOOD 2674.000000 2054.000000 2934.000000 2314.000000
GOOD 2674.000000 2054.000000 2934.000000 2314.000000
GOOD 2954.000000 2054.000000 3214.000000 2314.000000
GOOD 2954.000000 2054.000000 3214.000000 2314.000000
GOOD 2674.000000 2240.000000 2934.000000 2500.000000
GOOD 3234.000000 2167.000000 3494.000000 2427.000000
GOOD 3234.000000 2167.000000 3494.000000 2427.000000
GOOD 3560.000000 2494.000000 3820.000000 2754.000000
GOOD 3560.000000 2494.000000 3820.000000 2754.000000
GOOD 3560.000000 2494.000000 3820.000000 2754.000000
GOOD 3560.000000 2840.000000 3820.000000 3100.000000
GOOD 3607.000000 2167.000000 3867.000000 2427.000000
GOOD 3514.000000 1800.000000 3774.000000 2060.000000
GOOD 3534.000000 1474.000000 3794.000000 1734.000000
GOOD 3514.000000 1080.000000 3774.000000 1340.000000
GOOD 3207.000000 1147.000000 3467.000000 1407.000000
GOOD 2767.000000 1360.000000 3027.000000 1620.000000
GOOD 2767.000000 1360.000000 3027.000000 1620.000000
GOOD 2560.000000 1427.000000 2820.000000 1687.000000
GOOD 2214.000000 1660.000000 2474.000000 1920.000000
GOOD 2007.000000 1894.000000 2267.000000 2154.000000
GOOD 2447.000000 1774.000000 2707.000000 2034.000000
GOOD 2720.000000 1680.000000 2980.000000 1940.000000
GOOD 3074.000000 1587.000000 3334.000000 1847.000000
GOOD 3280.000000 1847.000000 3540.000000 2107.000000
