GOOD 2814.000000 3820.000000 3074.000000 4080.000000
GOOD 2794.000000 4254.000000 3054.000000 4514.000000
GOOD 2394.000000 4194.000000 2654.000000 4454.000000
GOOD 2320.000000 3620.000000 2580.000000 3880.000000
GOOD 2320.000000 3620.000000 2580.000000 3880.000000
GOOD 2080.000000 2767.000000 2340.000000 3027.000000
GOOD 1760.000000 3027.000000 2020.000000 3287.000000
GOOD 1920.000000 3540.000000 2180.000000 3800.000000
GOOD 1560.000000 3400.000000 1820.000000 3660.000000
GOOD 2414.000000 3047.000000 2674.000000 3307.000000
GOOD 2514.000000 2587.000000 2774.000000 2847.000000
GOOD 1467.000000 2727.000000 1727.000000 2987.000000
GOOD 1900.000000 2174.000000 2160.000000 2434.000000
GOOD 1007.000000 2347.000000 1267.000000 2607.000000
GOOD 1147.000000 2787.000000 1407.000000 3047.000000
GOOD 1367.000000 2034.000000 1627.000000 2294.000000
GOOD 1227.000000 3280.000000 1487.000000 3540.000000
GOOD 1840.000000 3880.000000 2100.000000 4140.000000
