GOOD 1560.000000 2507.000000 1820.000000 2767.000000
GOOD 1594.000000 2127.000000 1854.000000 2387.000000
GOOD 1814.000000 1880.000000 2074.000000 2140.000000
GOOD 2094.000000 1594.000000 2354.000000 1854.000000
GOOD 2334.000000 1267.000000 2594.000000 1527.000000
GOOD 2680.000000 1087.000000 2940.000000 1347.000000
GOOD 2987.000000 807.000000 3247.000000 1067.000000
GOOD 3234.000000 594.000000 3494.000000 854.000000
GOOD 3540.000000 407.000000 3800.000000 667.000000
GOOD 3634.000000 747.000000 3894.000000 1007.000000
GOOD 3600.000000 1087.000000 3860.000000 1347.000000
GOOD 3600.000000 1334.000000 3860.000000 1594.000000
GOOD 3634.000000 1640.000000 3894.000000 1900.000000
GOOD 3634.000000 1947.000000 3894.000000 2207.000000
GOOD 3634.000000 2320.000000 3894.000000 2580.000000
GOOD 3634.000000 2627.000000 3894.000000 2887.000000
GOOD 3634.000000 2934.000000 3894.000000 3194.000000
GOOD 3634.000000 3240.000000 3894.000000 3500.000000
GOOD 3660.000000 3520.000000 3920.000000 3780.000000
GOOD 3634.000000 3794.000000 3894.000000 4054.000000
GOOD 3660.000000 4100.000000 3920.000000 4360.000000
GOOD 3727.000000 4440.000000 3987.000000 4700.000000
GOOD 3327.000000 4260.000000 3587.000000 4520.000000
GOOD 3047.000000 4194.000000 3307.000000 4454.000000
GOOD 2834.000000 4134.000000 3094.000000 4394.000000
GOOD 2647.000000 4100.000000 2907.000000 4360.000000
GOOD 2340.000000 4040.000000 2600.000000 4300.000000
GOOD 2127.000000 3794.000000 2387.000000 4054.000000
GOOD 1974.000000 3640.000000 2234.000000 3900.000000
GOOD 1694.000000 3427.000000 1954.000000 3687.000000
GOOD 1634.000000 3147.000000 1894.000000 3407.000000
GOOD 1574.000000 2807.000000 1834.000000 3067.000000
GOOD 2034.000000 3180.000000 2294.000000 3440.000000
GOOD 2307.000000 3087.000000 2567.000000 3347.000000
GOOD 2680.000000 3180.000000 2940.000000 3440.000000
GOOD 3014.000000 3120.000000 3274.000000 3380.000000
GOOD 3354.000000 3300.000000 3614.000000 3560.000000
GOOD 3327.000000 3614.000000 3587.000000 3874.000000
GOOD 3387.000000 3860.000000 3647.000000 4120.000000
GOOD 3014.000000 3827.000000 3274.000000 4087.000000
GOOD 2987.000000 3487.000000 3247.000000 3747.000000
GOOD 2774.000000 3520.000000 3034.000000 3780.000000
GOOD 2434.000000 3394.000000 2694.000000 3654.000000
GOOD 2460.000000 3767.000000 2720.000000 4027.000000
GOOD 3294.000000 2900.000000 3554.000000 3160.000000
GOOD 3327.000000 2500.000000 3587.000000 2760.000000
GOOD 3260.000000 2040.000000 3520.000000 2300.000000
GOOD 3294.000000 1607.000000 3554.000000 1867.000000
GOOD 3260.000000 1267.000000 3520.000000 1527.000000
GOOD 3047.000000 1267.000000 3307.000000 1527.000000
GOOD 2860.000000 1700.000000 3120.000000 1960.000000
GOOD 2954.000000 2074.000000 3214.000000 2334.000000
GOOD 2987.000000 2407.000000 3247.000000 2667.000000
GOOD 3047.000000 2654.000000 3307.000000 2914.000000
GOOD 2614.000000 2194.000000 2874.000000 2454.000000
GOOD 2460.000000 1914.000000 2720.000000 2174.000000
GOOD 2494.000000 1607.000000 2754.000000 1867.000000
GOOD 2494.000000 1607.000000 2754.000000 1867.000000
GOOD 2154.000000 2007.000000 2414.000000 2267.000000
