GOOD 2694.000000 3147.000000 2954.000000 3407.000000
GOOD 2767.000000 3534.000000 3027.000000 3794.000000
GOOD 2800.000000 3920.000000 3060.000000 4180.000000
GOOD 2380.000000 3867.000000 2640.000000 4127.000000
GOOD 1714.000000 3687.000000 1974.000000 3947.000000
GOOD 2154.000000 3427.000000 2414.000000 3687.000000
GOOD 1787.000000 3167.000000 2047.000000 3427.000000
GOOD 1347.000000 3320.000000 1607.000000 3580.000000
GOOD 1047.000000 3140.000000 1307.000000 3400.000000
GOOD 1327.000000 2920.000000 1587.000000 3180.000000
GOOD 1047.000000 2700.000000 1307.000000 2960.000000
GOOD 1427.000000 2500.000000 1687.000000 2760.000000
GOOD 1807.000000 2760.000000 2067.000000 3020.000000
GOOD 1767.000000 1814.000000 2027.000000 2074.000000
GOOD 2574.000000 1574.000000 2834.000000 1834.000000
GOOD 2814.000000 1734.000000 3074.000000 1994.000000
