MALIGNANT 2334.000000 834.000000 2594.000000 1094.000000
MALIGNANT 2347.000000 1040.000000 2607.000000 1300.000000
MALIGNANT 2327.000000 1254.000000 2587.000000 1514.000000
MALIGNANT 2327.000000 1467.000000 2587.000000 1727.000000
MALIGNANT 2334.000000 1700.000000 2594.000000 1960.000000
MALIGNANT 2127.000000 1694.000000 2387.000000 1954.000000
MALIGNANT 1900.000000 1714.000000 2160.000000 1974.000000
MALIGNANT 1694.000000 1727.000000 1954.000000 1987.000000
MALIGNANT 1554.000000 1707.000000 1814.000000 1967.000000
MALIGNANT 1434.000000 1647.000000 1694.000000 1907.000000
MALIGNANT 1280.000000 1600.000000 1540.000000 1860.000000
MALIGNANT 1294.000000 1474.000000 1554.000000 1734.000000
MALIGNANT 1340.000000 1367.000000 1600.000000 1627.000000
MALIGNANT 1400.000000 1187.000000 1660.000000 1447.000000
MALIGNANT 1627.000000 1027.000000 1887.000000 1287.000000
MALIGNANT 1827.000000 894.000000 2087.000000 1154.000000
MALIGNANT 2080.000000 800.000000 2340.000000 1060.000000
MALIGNANT 2227.000000 960.000000 2487.000000 1220.000000
MALIGNANT 2154.000000 1280.000000 2414.000000 1540.000000
MALIGNANT 2074.000000 1420.000000 2334.000000 1680.000000
MALIGNANT 1894.000000 1547.000000 2154.000000 1807.000000
MALIGNANT 1627.000000 1554.000000 1887.000000 1814.000000
MALIGNANT 1494.000000 1387.000000 1754.000000 1647.000000
MALIGNANT 1587.000000 1160.000000 1847.000000 1420.000000
MALIGNANT 1767.000000 1334.000000 2027.000000 1594.000000
MALIGNANT 1920.000000 1247.000000 2180.000000 1507.000000
MALIGNANT 1780.000000 1087.000000 2040.000000 1347.000000
MALIGNANT 2014.000000 1027.000000 2274.000000 1287.000000
MALIGNANT 2240.000000 1180.000000 2500.000000 1440.000000
MALIGNANT 1994.000000 1620.000000 2254.000000 1880.000000
MALIGNANT 2280.000000 1620.000000 2540.000000 1880.000000
