MALIGNANT 2394.000000 1134.000000 2654.000000 1394.000000
MALIGNANT 2387.000000 1354.000000 2647.000000 1614.000000
MALIGNANT 2334.000000 1467.000000 2594.000000 1727.000000
MALIGNANT 2254.000000 1527.000000 2514.000000 1787.000000
MALIGNANT 2007.000000 1560.000000 2267.000000 1820.000000
MALIGNANT 1840.000000 1634.000000 2100.000000 1894.000000
MALIGNANT 1620.000000 1694.000000 1880.000000 1954.000000
MALIGNANT 1380.000000 1734.000000 1640.000000 1994.000000
MALIGNANT 1140.000000 1767.000000 1400.000000 2027.000000
MALIGNANT 900.000000 1820.000000 1160.000000 2080.000000
MALIGNANT 714.000000 1854.000000 974.000000 2114.000000
MALIGNANT 707.000000 1700.000000 967.000000 1960.000000
MALIGNANT 747.000000 1620.000000 1007.000000 1880.000000
MALIGNANT 807.000000 1460.000000 1067.000000 1720.000000
MALIGNANT 920.000000 1367.000000 1180.000000 1627.000000
MALIGNANT 980.000000 1267.000000 1240.000000 1527.000000
MALIGNANT 1107.000000 1134.000000 1367.000000 1394.000000
MALIGNANT 1260.000000 1014.000000 1520.000000 1274.000000
MALIGNANT 1394.000000 940.000000 1654.000000 1200.000000
MALIGNANT 1600.000000 894.000000 1860.000000 1154.000000
MALIGNANT 1787.000000 874.000000 2047.000000 1134.000000
MALIGNANT 2014.000000 874.000000 2274.000000 1134.000000
MALIGNANT 2234.000000 974.000000 2494.000000 1234.000000
MALIGNANT 987.000000 1607.000000 1247.000000 1867.000000
MALIGNANT 1227.000000 1574.000000 1487.000000 1834.000000
MALIGNANT 1154.000000 1367.000000 1414.000000 1627.000000
MALIGNANT 1327.000000 1220.000000 1587.000000 1480.000000
MALIGNANT 1547.000000 1107.000000 1807.000000 1367.000000
MALIGNANT 1427.000000 1574.000000 1687.000000 1834.000000
MALIGNANT 1374.000000 1394.000000 1634.000000 1654.000000
MALIGNANT 1567.000000 1280.000000 1827.000000 1540.000000
MALIGNANT 1620.000000 1520.000000 1880.000000 1780.000000
MALIGNANT 1840.000000 1467.000000 2100.000000 1727.000000
MALIGNANT 1740.000000 1267.000000 2000.000000 1527.000000
MALIGNANT 1747.000000 1074.000000 2007.000000 1334.000000
MALIGNANT 1994.000000 1087.000000 2254.000000 1347.000000
MALIGNANT 2214.000000 1154.000000 2474.000000 1414.000000
MALIGNANT 2160.000000 1334.000000 2420.000000 1594.000000
MALIGNANT 1987.000000 1294.000000 2247.000000 1554.000000
MALIGNANT 1894.000000 940.000000 2154.000000 1200.000000
