MALIGNANT 0.000000 1307.000000 260.000000 1567.000000
MALIGNANT 0.000000 1540.000000 254.000000 1800.000000
MALIGNANT 0.000000 1760.000000 254.000000 2020.000000
MALIGNANT 7.000000 1994.000000 267.000000 2254.000000
MALIGNANT 7.000000 2194.000000 267.000000 2454.000000
MALIGNANT 254.000000 2174.000000 514.000000 2434.000000
MALIGNANT 400.000000 2254.000000 660.000000 2514.000000
MALIGNANT 594.000000 2207.000000 854.000000 2467.000000
MALIGNANT 674.000000 2154.000000 934.000000 2414.000000
MALIGNANT 594.000000 2040.000000 854.000000 2300.000000
MALIGNANT 420.000000 2074.000000 680.000000 2334.000000
MALIGNANT 214.000000 1980.000000 474.000000 2240.000000
MALIGNANT 380.000000 1867.000000 640.000000 2127.000000
MALIGNANT 167.000000 1740.000000 427.000000 2000.000000
MALIGNANT 160.000000 1354.000000 420.000000 1614.000000
MALIGNANT 267.000000 1574.000000 527.000000 1834.000000
MALIGNANT 360.000000 1474.000000 620.000000 1734.000000
MALIGNANT 487.000000 1674.000000 747.000000 1934.000000
MALIGNANT 580.000000 1900.000000 840.000000 2160.000000
MALIGNANT 54.000000 1654.000000 314.000000 1914.000000
MALIGNANT 67.000000 1407.000000 327.000000 1667.000000
MALIGNANT 74.000000 2074.000000 334.000000 2334.000000
