GOOD 514.000000 3007.000000 774.000000 3267.000000
GOOD 147.000000 2714.000000 407.000000 2974.000000
GOOD 607.000000 2600.000000 867.000000 2860.000000
GOOD 267.000000 1954.000000 527.000000 2214.000000
GOOD 640.000000 2194.000000 900.000000 2454.000000
GOOD 120.000000 3200.000000 380.000000 3460.000000
GOOD 420.000000 3587.000000 680.000000 3847.000000
GOOD 1000.000000 3507.000000 1260.000000 3767.000000
GOOD 1174.000000 3074.000000 1434.000000 3334.000000
GOOD 1107.000000 2614.000000 1367.000000 2874.000000
GOOD 807.000000 3020.000000 1067.000000 3280.000000
GOOD 654.000000 3294.000000 914.000000 3554.000000
GOOD 574.000000 1834.000000 834.000000 2094.000000
GOOD 327.000000 900.000000 587.000000 1160.000000
GOOD 854.000000 874.000000 1114.000000 1134.000000
GOOD 1447.000000 1027.000000 1707.000000 1287.000000
GOOD 320.000000 1234.000000 580.000000 1494.000000
GOOD 167.000000 514.000000 427.000000 774.000000
GOOD 67.000000 934.000000 327.000000 1194.000000
GOOD 134.000000 1274.000000 394.000000 1534.000000
GOOD 214.000000 1647.000000 474.000000 1907.000000
GOOD 207.000000 2307.000000 467.000000 2567.000000
GOOD 980.000000 2280.000000 1240.000000 2540.000000
