GOOD 2500.000000 3047.000000 2760.000000 3307.000000
GOOD 2134.000000 2974.000000 2394.000000 3234.000000
GOOD 1787.000000 2780.000000 2047.000000 3040.000000
GOOD 2227.000000 2587.000000 2487.000000 2847.000000
GOOD 2500.000000 2700.000000 2760.000000 2960.000000
GOOD 1540.000000 2840.000000 1800.000000 3100.000000
GOOD 1854.000000 3127.000000 2114.000000 3387.000000
GOOD 2114.000000 3314.000000 2374.000000 3574.000000
GOOD 2460.000000 3367.000000 2720.000000 3627.000000
GOOD 1960.000000 2234.000000 2220.000000 2494.000000
GOOD 1934.000000 1787.000000 2194.000000 2047.000000
GOOD 2220.000000 1447.000000 2480.000000 1707.000000
GOOD 2540.000000 1394.000000 2800.000000 1654.000000
GOOD 2567.000000 947.000000 2827.000000 1207.000000
GOOD 2194.000000 1000.000000 2454.000000 1260.000000
GOOD 1880.000000 1100.000000 2140.000000 1360.000000
GOOD 1800.000000 1447.000000 2060.000000 1707.000000
GOOD 1567.000000 1787.000000 1827.000000 2047.000000
GOOD 1567.000000 1787.000000 1827.000000 2047.000000
GOOD 1594.000000 2154.000000 1854.000000 2414.000000
GOOD 1514.000000 2500.000000 1774.000000 2760.000000
GOOD 1220.000000 2100.000000 1480.000000 2360.000000
GOOD 1247.000000 1760.000000 1507.000000 2020.000000
GOOD 1514.000000 1547.000000 1774.000000 1807.000000
