MALIGNANT 807.000000 1860.000000 1067.000000 2120.000000
MALIGNANT 1000.000000 1927.000000 1260.000000 2187.000000
MALIGNANT 1134.000000 2000.000000 1394.000000 2260.000000
MALIGNANT 1194.000000 2054.000000 1454.000000 2314.000000
MALIGNANT 900.000000 2047.000000 1160.000000 2307.000000
MALIGNANT 894.000000 1940.000000 1154.000000 2200.000000
MALIGNANT 980.000000 2180.000000 1240.000000 2440.000000
MALIGNANT 1340.000000 2134.000000 1600.000000 2394.000000
MALIGNANT 1127.000000 2327.000000 1387.000000 2587.000000
MALIGNANT 1227.000000 2427.000000 1487.000000 2687.000000
MALIGNANT 1334.000000 2474.000000 1594.000000 2734.000000
MALIGNANT 1427.000000 2360.000000 1687.000000 2620.000000
MALIGNANT 1234.000000 2274.000000 1494.000000 2534.000000
MALIGNANT 1354.000000 2320.000000 1614.000000 2580.000000
MALIGNANT 1220.000000 2167.000000 1480.000000 2427.000000
MALIGNANT 1074.000000 2220.000000 1334.000000 2480.000000
