GOOD 2754.000000 1180.000000 3014.000000 1440.000000
GOOD 2707.000000 1780.000000 2967.000000 2040.000000
GOOD 2014.000000 2320.000000 2274.000000 2580.000000
GOOD 1427.000000 2700.000000 1687.000000 2960.000000
GOOD 1054.000000 2914.000000 1314.000000 3174.000000
GOOD 1067.000000 3380.000000 1327.000000 3640.000000
GOOD 2674.000000 2520.000000 2934.000000 2780.000000
GOOD 2107.000000 2974.000000 2367.000000 3234.000000
GOOD 2594.000000 3014.000000 2854.000000 3274.000000
GOOD 1194.000000 4134.000000 1454.000000 4394.000000
GOOD 1574.000000 4354.000000 1834.000000 4614.000000
GOOD 2080.000000 4294.000000 2340.000000 4554.000000
GOOD 1287.000000 3794.000000 1547.000000 4054.000000
GOOD 1167.000000 4580.000000 1427.000000 4840.000000
GOOD 2414.000000 4780.000000 2674.000000 5040.000000
GOOD 2680.000000 4280.000000 2940.000000 4540.000000
GOOD 2747.000000 4714.000000 3007.000000 4974.000000
GOOD 2020.000000 4654.000000 2280.000000 4914.000000
GOOD 1654.000000 4694.000000 1914.000000 4954.000000
GOOD 2467.000000 2147.000000 2727.000000 2407.000000
GOOD 2907.000000 2154.000000 3167.000000 2414.000000
