MALIGNANT 2387.000000 1387.000000 2647.000000 1647.000000
MALIGNANT 2340.000000 1280.000000 2600.000000 1540.000000
MALIGNANT 2127.000000 1234.000000 2387.000000 1494.000000
MALIGNANT 1954.000000 1267.000000 2214.000000 1527.000000
MALIGNANT 1794.000000 1320.000000 2054.000000 1580.000000
MALIGNANT 1740.000000 1454.000000 2000.000000 1714.000000
MALIGNANT 1987.000000 1500.000000 2247.000000 1760.000000
MALIGNANT 2194.000000 1440.000000 2454.000000 1700.000000
MALIGNANT 2287.000000 1500.000000 2547.000000 1760.000000
MALIGNANT 2100.000000 1594.000000 2360.000000 1854.000000
MALIGNANT 1907.000000 1607.000000 2167.000000 1867.000000
MALIGNANT 1800.000000 1500.000000 2060.000000 1760.000000
MALIGNANT 1980.000000 1354.000000 2240.000000 1614.000000
MALIGNANT 2227.000000 1300.000000 2487.000000 1560.000000
