MALIGNANT 527.000000 1080.000000 787.000000 1340.000000
MALIGNANT 674.000000 1007.000000 934.000000 1267.000000
MALIGNANT 887.000000 1054.000000 1147.000000 1314.000000
MALIGNANT 967.000000 1207.000000 1227.000000 1467.000000
MALIGNANT 1120.000000 1387.000000 1380.000000 1647.000000
MALIGNANT 1087.000000 1620.000000 1347.000000 1880.000000
MALIGNANT 827.000000 1687.000000 1087.000000 1947.000000
MALIGNANT 667.000000 1634.000000 927.000000 1894.000000
MALIGNANT 627.000000 1467.000000 887.000000 1727.000000
MALIGNANT 540.000000 1267.000000 800.000000 1527.000000
MALIGNANT 747.000000 1267.000000 1007.000000 1527.000000
MALIGNANT 887.000000 1434.000000 1147.000000 1694.000000
MALIGNANT 980.000000 1560.000000 1240.000000 1820.000000
MALIGNANT 760.000000 1507.000000 1020.000000 1767.000000
MALIGNANT 594.000000 1167.000000 854.000000 1427.000000
MALIGNANT 814.000000 1120.000000 1074.000000 1380.000000
MALIGNANT 1020.000000 1467.000000 1280.000000 1727.000000
MALIGNANT 740.000000 1554.000000 1000.000000 1814.000000
MALIGNANT 740.000000 1087.000000 1000.000000 1347.000000
MALIGNANT 1054.000000 1407.000000 1314.000000 1667.000000
