MALIGNANT 1507.000000 3280.000000 1767.000000 3540.000000
MALIGNANT 1714.000000 3287.000000 1974.000000 3547.000000
MALIGNANT 1794.000000 3194.000000 2054.000000 3454.000000
MALIGNANT 1934.000000 3160.000000 2194.000000 3420.000000
MALIGNANT 2007.000000 3280.000000 2267.000000 3540.000000
MALIGNANT 1800.000000 3460.000000 2060.000000 3720.000000
MALIGNANT 1927.000000 3527.000000 2187.000000 3787.000000
MALIGNANT 2020.000000 3434.000000 2280.000000 3694.000000
MALIGNANT 1894.000000 3227.000000 2154.000000 3487.000000
MALIGNANT 1934.000000 3347.000000 2194.000000 3607.000000
