MALIGNANT 554.000000 1407.000000 814.000000 1667.000000
MALIGNANT 400.000000 1347.000000 660.000000 1607.000000
MALIGNANT 367.000000 1494.000000 627.000000 1754.000000
MALIGNANT 467.000000 1414.000000 727.000000 1674.000000
MALIGNANT 700.000000 1514.000000 960.000000 1774.000000
MALIGNANT 274.000000 1414.000000 534.000000 1674.000000
MALIGNANT 434.000000 1247.000000 694.000000 1507.000000
MALIGNANT 614.000000 1474.000000 874.000000 1734.000000
MALIGNANT 494.000000 1627.000000 754.000000 1887.000000
MALIGNANT 354.000000 1547.000000 614.000000 1807.000000
MALIGNANT 720.000000 1314.000000 980.000000 1574.000000
MALIGNANT 467.000000 1474.000000 727.000000 1734.000000
