MALIGNANT 1594.000000 1960.000000 1854.000000 2220.000000
MALIGNANT 1734.000000 1960.000000 1994.000000 2220.000000
MALIGNANT 1514.000000 2027.000000 1774.000000 2287.000000
MALIGNANT 1414.000000 2207.000000 1674.000000 2467.000000
MALIGNANT 1440.000000 2407.000000 1700.000000 2667.000000
MALIGNANT 1520.000000 2527.000000 1780.000000 2787.000000
MALIGNANT 1734.000000 2534.000000 1994.000000 2794.000000
MALIGNANT 1820.000000 2400.000000 2080.000000 2660.000000
MALIGNANT 1827.000000 2220.000000 2087.000000 2480.000000
MALIGNANT 1794.000000 2060.000000 2054.000000 2320.000000
MALIGNANT 1600.000000 2167.000000 1860.000000 2427.000000
MALIGNANT 1634.000000 2347.000000 1894.000000 2607.000000
