MALIGNANT 1794.000000 2347.000000 2054.000000 2607.000000
MALIGNANT 1980.000000 2327.000000 2240.000000 2587.000000
MALIGNANT 2094.000000 2400.000000 2354.000000 2660.000000
MALIGNANT 2287.000000 2460.000000 2547.000000 2720.000000
MALIGNANT 2387.000000 2554.000000 2647.000000 2814.000000
MALIGNANT 2294.000000 2760.000000 2554.000000 3020.000000
MALIGNANT 2014.000000 2787.000000 2274.000000 3047.000000
MALIGNANT 1827.000000 2767.000000 2087.000000 3027.000000
MALIGNANT 1760.000000 2580.000000 2020.000000 2840.000000
MALIGNANT 1874.000000 2560.000000 2134.000000 2820.000000
MALIGNANT 2040.000000 2567.000000 2300.000000 2827.000000
MALIGNANT 1920.000000 2407.000000 2180.000000 2667.000000
MALIGNANT 2254.000000 2547.000000 2514.000000 2807.000000
MALIGNANT 2107.000000 2727.000000 2367.000000 2987.000000
MALIGNANT 1880.000000 2727.000000 2140.000000 2987.000000
MALIGNANT 2254.000000 2700.000000 2514.000000 2960.000000
MALIGNANT 2207.000000 2647.000000 2467.000000 2907.000000
MALIGNANT 2074.000000 2467.000000 2334.000000 2727.000000
MALIGNANT 1820.000000 2380.000000 2080.000000 2640.000000
MALIGNANT 1880.000000 2420.000000 2140.000000 2680.000000
MALIGNANT 2307.000000 2547.000000 2567.000000 2807.000000
MALIGNANT 1894.000000 2660.000000 2154.000000 2920.000000
MALIGNANT 2060.000000 2634.000000 2320.000000 2894.000000
MALIGNANT 1807.000000 2580.000000 2067.000000 2840.000000
MALIGNANT 2254.000000 2507.000000 2514.000000 2767.000000
MALIGNANT 1947.000000 2354.000000 2207.000000 2614.000000
