GOOD 2900.000000 3560.000000 3160.000000 3820.000000
GOOD 2580.000000 3454.000000 2840.000000 3714.000000
GOOD 2474.000000 3080.000000 2734.000000 3340.000000
GOOD 3074.000000 2794.000000 3334.000000 3054.000000
GOOD 3234.000000 3080.000000 3494.000000 3340.000000
GOOD 3314.000000 3500.000000 3574.000000 3760.000000
GOOD 3280.000000 3780.000000 3540.000000 4040.000000
GOOD 3834.000000 2934.000000 4094.000000 3194.000000
GOOD 4307.000000 2814.000000 4567.000000 3074.000000
GOOD 4354.000000 2400.000000 4614.000000 2660.000000
GOOD 4560.000000 1960.000000 4820.000000 2220.000000
GOOD 4660.000000 1540.000000 4920.000000 1800.000000
GOOD 4600.000000 1240.000000 4860.000000 1500.000000
GOOD 4594.000000 947.000000 4854.000000 1207.000000
GOOD 4634.000000 687.000000 4894.000000 947.000000
GOOD 4627.000000 407.000000 4887.000000 667.000000
GOOD 4267.000000 427.000000 4527.000000 687.000000
GOOD 3760.000000 607.000000 4020.000000 867.000000
GOOD 4007.000000 480.000000 4267.000000 740.000000
GOOD 3507.000000 734.000000 3767.000000 994.000000
GOOD 3160.000000 827.000000 3420.000000 1087.000000
GOOD 2820.000000 920.000000 3080.000000 1180.000000
GOOD 2540.000000 1020.000000 2800.000000 1280.000000
GOOD 2267.000000 1147.000000 2527.000000 1407.000000
GOOD 1980.000000 1254.000000 2240.000000 1514.000000
GOOD 1780.000000 1440.000000 2040.000000 1700.000000
GOOD 1547.000000 1580.000000 1807.000000 1840.000000
GOOD 1374.000000 1780.000000 1634.000000 2040.000000
GOOD 1174.000000 1934.000000 1434.000000 2194.000000
GOOD 1014.000000 2194.000000 1274.000000 2454.000000
GOOD 907.000000 2494.000000 1167.000000 2754.000000
GOOD 920.000000 2707.000000 1180.000000 2967.000000
GOOD 807.000000 2940.000000 1067.000000 3200.000000
GOOD 740.000000 3254.000000 1000.000000 3514.000000
GOOD 707.000000 3487.000000 967.000000 3747.000000
GOOD 720.000000 3780.000000 980.000000 4040.000000
GOOD 800.000000 4080.000000 1060.000000 4340.000000
GOOD 920.000000 4374.000000 1180.000000 4634.000000
GOOD 1180.000000 4534.000000 1440.000000 4794.000000
GOOD 1400.000000 4800.000000 1660.000000 5060.000000
GOOD 1594.000000 5014.000000 1854.000000 5274.000000
GOOD 1894.000000 5200.000000 2154.000000 5460.000000
GOOD 2094.000000 5360.000000 2354.000000 5620.000000
GOOD 2360.000000 5534.000000 2620.000000 5794.000000
GOOD 2867.000000 5607.000000 3127.000000 5867.000000
GOOD 2607.000000 5527.000000 2867.000000 5787.000000
GOOD 3134.000000 5674.000000 3394.000000 5934.000000
GOOD 3380.000000 5747.000000 3640.000000 6007.000000
GOOD 3587.000000 5874.000000 3847.000000 6134.000000
GOOD 3827.000000 5954.000000 4087.000000 6214.000000
GOOD 4087.000000 6054.000000 4347.000000 6314.000000
GOOD 4374.000000 6080.000000 4634.000000 6340.000000
GOOD 4334.000000 5787.000000 4594.000000 6047.000000
GOOD 4427.000000 5534.000000 4687.000000 5794.000000
GOOD 4380.000000 5267.000000 4640.000000 5527.000000
GOOD 4394.000000 4967.000000 4654.000000 5227.000000
GOOD 4374.000000 4620.000000 4634.000000 4880.000000
GOOD 4380.000000 4314.000000 4640.000000 4574.000000
GOOD 4460.000000 3967.000000 4720.000000 4227.000000
GOOD 4427.000000 3600.000000 4687.000000 3860.000000
GOOD 4414.000000 3280.000000 4674.000000 3540.000000
GOOD 4587.000000 2880.000000 4847.000000 3140.000000
GOOD 4054.000000 3174.000000 4314.000000 3434.000000
GOOD 3560.000000 3240.000000 3820.000000 3500.000000
GOOD 3860.000000 3420.000000 4120.000000 3680.000000
GOOD 3534.000000 3614.000000 3794.000000 3874.000000
GOOD 3840.000000 3700.000000 4100.000000 3960.000000
GOOD 4100.000000 3700.000000 4360.000000 3960.000000
GOOD 4087.000000 4054.000000 4347.000000 4314.000000
GOOD 4060.000000 4407.000000 4320.000000 4667.000000
GOOD 4074.000000 4740.000000 4334.000000 5000.000000
GOOD 4087.000000 4967.000000 4347.000000 5227.000000
GOOD 4020.000000 5287.000000 4280.000000 5547.000000
GOOD 4060.000000 5727.000000 4320.000000 5987.000000
GOOD 3740.000000 5547.000000 4000.000000 5807.000000
GOOD 3714.000000 5260.000000 3974.000000 5520.000000
GOOD 3714.000000 4914.000000 3974.000000 5174.000000
GOOD 3794.000000 4600.000000 4054.000000 4860.000000
GOOD 3800.000000 4287.000000 4060.000000 4547.000000
GOOD 3800.000000 4020.000000 4060.000000 4280.000000
GOOD 3540.000000 4040.000000 3800.000000 4300.000000
GOOD 3300.000000 4214.000000 3560.000000 4474.000000
GOOD 3434.000000 4487.000000 3694.000000 4747.000000
GOOD 3334.000000 4767.000000 3594.000000 5027.000000
GOOD 3374.000000 4987.000000 3634.000000 5247.000000
GOOD 3347.000000 5274.000000 3607.000000 5534.000000
GOOD 3074.000000 5314.000000 3334.000000 5574.000000
GOOD 3047.000000 5060.000000 3307.000000 5320.000000
GOOD 3054.000000 4660.000000 3314.000000 4920.000000
GOOD 3027.000000 4320.000000 3287.000000 4580.000000
GOOD 3054.000000 3927.000000 3314.000000 4187.000000
GOOD 2760.000000 3874.000000 3020.000000 4134.000000
GOOD 2714.000000 4167.000000 2974.000000 4427.000000
GOOD 2647.000000 4487.000000 2907.000000 4747.000000
GOOD 2694.000000 4760.000000 2954.000000 5020.000000
GOOD 2707.000000 5094.000000 2967.000000 5354.000000
GOOD 2374.000000 5127.000000 2634.000000 5387.000000
GOOD 2100.000000 4900.000000 2360.000000 5160.000000
GOOD 1820.000000 4720.000000 2080.000000 4980.000000
GOOD 1527.000000 4500.000000 1787.000000 4760.000000
GOOD 1287.000000 4220.000000 1547.000000 4480.000000
GOOD 1060.000000 3967.000000 1320.000000 4227.000000
GOOD 1054.000000 3667.000000 1314.000000 3927.000000
GOOD 1047.000000 3314.000000 1307.000000 3574.000000
GOOD 1140.000000 3000.000000 1400.000000 3260.000000
GOOD 1294.000000 2700.000000 1554.000000 2960.000000
GOOD 1374.000000 2400.000000 1634.000000 2660.000000
GOOD 1554.000000 2134.000000 1814.000000 2394.000000
GOOD 1787.000000 2014.000000 2047.000000 2274.000000
GOOD 2054.000000 1747.000000 2314.000000 2007.000000
GOOD 2367.000000 1547.000000 2627.000000 1807.000000
GOOD 2714.000000 1380.000000 2974.000000 1640.000000
GOOD 3054.000000 1187.000000 3314.000000 1447.000000
GOOD 3440.000000 1080.000000 3700.000000 1340.000000
GOOD 3714.000000 934.000000 3974.000000 1194.000000
GOOD 3914.000000 927.000000 4174.000000 1187.000000
GOOD 4207.000000 734.000000 4467.000000 994.000000
GOOD 4354.000000 1114.000000 4614.000000 1374.000000
GOOD 4147.000000 1394.000000 4407.000000 1654.000000
GOOD 3920.000000 1300.000000 4180.000000 1560.000000
GOOD 3920.000000 1300.000000 4180.000000 1560.000000
GOOD 3600.000000 1274.000000 3860.000000 1534.000000
GOOD 3600.000000 1274.000000 3860.000000 1534.000000
GOOD 3440.000000 1507.000000 3700.000000 1767.000000
GOOD 3420.000000 1514.000000 3680.000000 1774.000000
GOOD 3420.000000 1514.000000 3680.000000 1774.000000
GOOD 2947.000000 1554.000000 3207.000000 1814.000000
GOOD 2927.000000 1714.000000 3187.000000 1974.000000
GOOD 2954.000000 1747.000000 3214.000000 2007.000000
GOOD 2640.000000 1994.000000 2900.000000 2254.000000
GOOD 2640.000000 1994.000000 2900.000000 2254.000000
GOOD 2440.000000 2034.000000 2700.000000 2294.000000
GOOD 2280.000000 2220.000000 2540.000000 2480.000000
GOOD 2067.000000 2440.000000 2327.000000 2700.000000
GOOD 2067.000000 2440.000000 2327.000000 2700.000000
GOOD 1840.000000 2587.000000 2100.000000 2847.000000
GOOD 1840.000000 2587.000000 2100.000000 2847.000000
GOOD 1767.000000 2720.000000 2027.000000 2980.000000
GOOD 1500.000000 2927.000000 1760.000000 3187.000000
GOOD 1547.000000 3074.000000 1807.000000 3334.000000
GOOD 1547.000000 3074.000000 1807.000000 3334.000000
GOOD 1420.000000 3374.000000 1680.000000 3634.000000
GOOD 1474.000000 3507.000000 1734.000000 3767.000000
GOOD 1554.000000 3674.000000 1814.000000 3934.000000
GOOD 1554.000000 3674.000000 1814.000000 3934.000000
GOOD 1667.000000 3894.000000 1927.000000 4154.000000
GOOD 2174.000000 4474.000000 2434.000000 4734.000000
GOOD 2174.000000 4474.000000 2434.000000 4734.000000
GOOD 2027.000000 3460.000000 2287.000000 3720.000000
GOOD 2147.000000 3814.000000 2407.000000 4074.000000
GOOD 2054.000000 3067.000000 2314.000000 3327.000000
GOOD 2354.000000 2680.000000 2614.000000 2940.000000
GOOD 2354.000000 2680.000000 2614.000000 2940.000000
GOOD 3367.000000 2447.000000 3627.000000 2707.000000
GOOD 3467.000000 2807.000000 3727.000000 3067.000000
GOOD 3467.000000 2807.000000 3727.000000 3067.000000
GOOD 3327.000000 1987.000000 3587.000000 2247.000000
GOOD 2887.000000 2414.000000 3147.000000 2674.000000
GOOD 3527.000000 2314.000000 3787.000000 2574.000000
GOOD 3967.000000 2207.000000 4227.000000 2467.000000
GOOD 3800.000000 1880.000000 4060.000000 2140.000000
GOOD 3907.000000 2560.000000 4167.000000 2820.000000
GOOD 4214.000000 1827.000000 4474.000000 2087.000000
