MALIGNANT 807.000000 820.000000 1067.000000 1080.000000
MALIGNANT 600.000000 840.000000 860.000000 1100.000000
MALIGNANT 454.000000 927.000000 714.000000 1187.000000
MALIGNANT 474.000000 1127.000000 734.000000 1387.000000
MALIGNANT 667.000000 1214.000000 927.000000 1474.000000
MALIGNANT 867.000000 940.000000 1127.000000 1200.000000
MALIGNANT 854.000000 1120.000000 1114.000000 1380.000000
MALIGNANT 634.000000 1027.000000 894.000000 1287.000000
MALIGNANT 747.000000 874.000000 1007.000000 1134.000000
MALIGNANT 540.000000 1034.000000 800.000000 1294.000000
