GOOD 3154.000000 887.000000 3414.000000 1147.000000
GOOD 2707.000000 1060.000000 2967.000000 1320.000000
GOOD 2294.000000 1234.000000 2554.000000 1494.000000
GOOD 2294.000000 1234.000000 2554.000000 1494.000000
GOOD 2167.000000 1527.000000 2427.000000 1787.000000
GOOD 2687.000000 1554.000000 2947.000000 1814.000000
GOOD 3074.000000 1380.000000 3334.000000 1640.000000
GOOD 3100.000000 1727.000000 3360.000000 1987.000000
GOOD 2734.000000 1800.000000 2994.000000 2060.000000
GOOD 2340.000000 1894.000000 2600.000000 2154.000000
GOOD 2067.000000 1947.000000 2327.000000 2207.000000
GOOD 1654.000000 1894.000000 1914.000000 2154.000000
GOOD 1674.000000 2214.000000 1934.000000 2474.000000
GOOD 1580.000000 2534.000000 1840.000000 2794.000000
GOOD 1974.000000 2434.000000 2234.000000 2694.000000
GOOD 2414.000000 2240.000000 2674.000000 2500.000000
GOOD 2807.000000 2214.000000 3067.000000 2474.000000
GOOD 3127.000000 2167.000000 3387.000000 2427.000000
GOOD 3100.000000 2587.000000 3360.000000 2847.000000
GOOD 2734.000000 2587.000000 2994.000000 2847.000000
GOOD 3027.000000 2980.000000 3287.000000 3240.000000
GOOD 3074.000000 3294.000000 3334.000000 3554.000000
GOOD 3127.000000 3687.000000 3387.000000 3947.000000
GOOD 3227.000000 4080.000000 3487.000000 4340.000000
GOOD 2907.000000 4060.000000 3167.000000 4320.000000
GOOD 2534.000000 3934.000000 2794.000000 4194.000000
GOOD 2094.000000 3887.000000 2354.000000 4147.000000
GOOD 2607.000000 3540.000000 2867.000000 3800.000000
GOOD 2607.000000 3127.000000 2867.000000 3387.000000
GOOD 2314.000000 2734.000000 2574.000000 2994.000000
GOOD 1454.000000 3174.000000 1714.000000 3434.000000
GOOD 1434.000000 2854.000000 1694.000000 3114.000000
