MALIGNANT 3227.000000 3227.000000 3487.000000 3487.000000
MALIGNANT 3227.000000 3467.000000 3487.000000 3727.000000
MALIGNANT 3227.000000 3707.000000 3487.000000 3967.000000
MALIGNANT 2994.000000 3787.000000 3254.000000 4047.000000
MALIGNANT 2814.000000 3867.000000 3074.000000 4127.000000
MALIGNANT 2727.000000 3634.000000 2987.000000 3894.000000
MALIGNANT 3074.000000 3560.000000 3334.000000 3820.000000
MALIGNANT 2840.000000 3620.000000 3100.000000 3880.000000
MALIGNANT 2474.000000 3427.000000 2734.000000 3687.000000
MALIGNANT 2700.000000 3420.000000 2960.000000 3680.000000
MALIGNANT 2487.000000 3214.000000 2747.000000 3474.000000
MALIGNANT 2760.000000 3254.000000 3020.000000 3514.000000
MALIGNANT 2860.000000 3060.000000 3120.000000 3320.000000
MALIGNANT 2854.000000 2900.000000 3114.000000 3160.000000
MALIGNANT 3040.000000 2940.000000 3300.000000 3200.000000
MALIGNANT 3194.000000 3087.000000 3454.000000 3347.000000
MALIGNANT 2994.000000 3140.000000 3254.000000 3400.000000
MALIGNANT 3134.000000 3307.000000 3394.000000 3567.000000
MALIGNANT 2887.000000 3387.000000 3147.000000 3647.000000
MALIGNANT 3154.000000 3640.000000 3414.000000 3900.000000
