MALIGNANT 1780.000000 2407.000000 2040.000000 2667.000000
MALIGNANT 1947.000000 2447.000000 2207.000000 2707.000000
MALIGNANT 2054.000000 2560.000000 2314.000000 2820.000000
MALIGNANT 2174.000000 2660.000000 2434.000000 2920.000000
MALIGNANT 2320.000000 2740.000000 2580.000000 3000.000000
MALIGNANT 2414.000000 2794.000000 2674.000000 3054.000000
MALIGNANT 2400.000000 2927.000000 2660.000000 3187.000000
MALIGNANT 2234.000000 3000.000000 2494.000000 3260.000000
MALIGNANT 1660.000000 2434.000000 1920.000000 2694.000000
MALIGNANT 1494.000000 2507.000000 1754.000000 2767.000000
MALIGNANT 1454.000000 2647.000000 1714.000000 2907.000000
MALIGNANT 1487.000000 2847.000000 1747.000000 3107.000000
MALIGNANT 1600.000000 2960.000000 1860.000000 3220.000000
MALIGNANT 1840.000000 3007.000000 2100.000000 3267.000000
MALIGNANT 2007.000000 2994.000000 2267.000000 3254.000000
MALIGNANT 1714.000000 2654.000000 1974.000000 2914.000000
MALIGNANT 1927.000000 2694.000000 2187.000000 2954.000000
MALIGNANT 2114.000000 2814.000000 2374.000000 3074.000000
MALIGNANT 1914.000000 2794.000000 2174.000000 3054.000000
MALIGNANT 1714.000000 2814.000000 1974.000000 3074.000000
MALIGNANT 1640.000000 2667.000000 1900.000000 2927.000000
MALIGNANT 2134.000000 2954.000000 2394.000000 3214.000000
MALIGNANT 1740.000000 2920.000000 2000.000000 3180.000000
MALIGNANT 1554.000000 2727.000000 1814.000000 2987.000000
MALIGNANT 1787.000000 2527.000000 2047.000000 2787.000000
MALIGNANT 2047.000000 2740.000000 2307.000000 3000.000000
