GOOD 147.000000 1380.000000 407.000000 1640.000000
GOOD 434.000000 1167.000000 694.000000 1427.000000
GOOD 820.000000 1220.000000 1080.000000 1480.000000
GOOD 934.000000 1474.000000 1194.000000 1734.000000
GOOD 1100.000000 1700.000000 1360.000000 1960.000000
GOOD 1134.000000 1974.000000 1394.000000 2234.000000
GOOD 1287.000000 2274.000000 1547.000000 2534.000000
GOOD 1154.000000 2514.000000 1414.000000 2774.000000
GOOD 1034.000000 2834.000000 1294.000000 3094.000000
GOOD 867.000000 3127.000000 1127.000000 3387.000000
GOOD 540.000000 3334.000000 800.000000 3594.000000
GOOD 354.000000 3527.000000 614.000000 3787.000000
GOOD 94.000000 3647.000000 354.000000 3907.000000
GOOD 60.000000 3380.000000 320.000000 3640.000000
GOOD 267.000000 3207.000000 527.000000 3467.000000
GOOD 534.000000 3000.000000 794.000000 3260.000000
GOOD 787.000000 2700.000000 1047.000000 2960.000000
GOOD 907.000000 2460.000000 1167.000000 2720.000000
GOOD 840.000000 2200.000000 1100.000000 2460.000000
GOOD 860.000000 1914.000000 1120.000000 2174.000000
GOOD 587.000000 1527.000000 847.000000 1787.000000
GOOD 300.000000 1647.000000 560.000000 1907.000000
GOOD 140.000000 1914.000000 400.000000 2174.000000
GOOD 67.000000 2180.000000 327.000000 2440.000000
GOOD 40.000000 2514.000000 300.000000 2774.000000
GOOD 47.000000 2794.000000 307.000000 3054.000000
GOOD 347.000000 2854.000000 607.000000 3114.000000
GOOD 460.000000 2660.000000 720.000000 2920.000000
GOOD 400.000000 2400.000000 660.000000 2660.000000
GOOD 560.000000 2120.000000 820.000000 2380.000000
GOOD 547.000000 1827.000000 807.000000 2087.000000
