GOOD 1594.000000 2680.000000 1854.000000 2940.000000
GOOD 1254.000000 2920.000000 1514.000000 3180.000000
GOOD 914.000000 2807.000000 1174.000000 3067.000000
GOOD 700.000000 2487.000000 960.000000 2747.000000
GOOD 654.000000 2167.000000 914.000000 2427.000000
GOOD 894.000000 1934.000000 1154.000000 2194.000000
GOOD 1274.000000 1887.000000 1534.000000 2147.000000
GOOD 1547.000000 2134.000000 1807.000000 2394.000000
GOOD 1667.000000 2394.000000 1927.000000 2654.000000
GOOD 1894.000000 2727.000000 2154.000000 2987.000000
GOOD 1967.000000 2154.000000 2227.000000 2414.000000
GOOD 1687.000000 1814.000000 1947.000000 2074.000000
GOOD 1427.000000 1494.000000 1687.000000 1754.000000
GOOD 1134.000000 1234.000000 1394.000000 1494.000000
GOOD 854.000000 1040.000000 1114.000000 1300.000000
GOOD 640.000000 814.000000 900.000000 1074.000000
GOOD 400.000000 634.000000 660.000000 894.000000
GOOD 140.000000 487.000000 400.000000 747.000000
GOOD 127.000000 827.000000 387.000000 1087.000000
GOOD 367.000000 1040.000000 627.000000 1300.000000
GOOD 647.000000 1294.000000 907.000000 1554.000000
GOOD 920.000000 1534.000000 1180.000000 1794.000000
GOOD 1180.000000 1540.000000 1440.000000 1800.000000
GOOD 674.000000 1580.000000 934.000000 1840.000000
GOOD 107.000000 1194.000000 367.000000 1454.000000
GOOD 160.000000 1514.000000 420.000000 1774.000000
GOOD 180.000000 1834.000000 440.000000 2094.000000
GOOD 127.000000 2094.000000 387.000000 2354.000000
GOOD 100.000000 2447.000000 360.000000 2707.000000
GOOD 120.000000 2774.000000 380.000000 3034.000000
GOOD 187.000000 3114.000000 447.000000 3374.000000
GOOD 134.000000 3400.000000 394.000000 3660.000000
GOOD 100.000000 3727.000000 360.000000 3987.000000
GOOD 127.000000 4054.000000 387.000000 4314.000000
GOOD 380.000000 4214.000000 640.000000 4474.000000
GOOD 694.000000 4054.000000 954.000000 4314.000000
GOOD 1067.000000 3887.000000 1327.000000 4147.000000
GOOD 1327.000000 3707.000000 1587.000000 3967.000000
GOOD 1607.000000 3447.000000 1867.000000 3707.000000
GOOD 1754.000000 3187.000000 2014.000000 3447.000000
GOOD 1947.000000 2967.000000 2207.000000 3227.000000
GOOD 1407.000000 3194.000000 1667.000000 3454.000000
GOOD 1547.000000 2954.000000 1807.000000 3214.000000
GOOD 400.000000 2520.000000 660.000000 2780.000000
GOOD 500.000000 1880.000000 760.000000 2140.000000
GOOD 434.000000 2827.000000 694.000000 3087.000000
GOOD 694.000000 2834.000000 954.000000 3094.000000
GOOD 754.000000 3134.000000 1014.000000 3394.000000
GOOD 1034.000000 3174.000000 1294.000000 3434.000000
GOOD 1227.000000 3427.000000 1487.000000 3687.000000
GOOD 974.000000 3447.000000 1234.000000 3707.000000
GOOD 747.000000 3714.000000 1007.000000 3974.000000
GOOD 407.000000 3840.000000 667.000000 4100.000000
GOOD 414.000000 3540.000000 674.000000 3800.000000
GOOD 680.000000 3427.000000 940.000000 3687.000000
GOOD 474.000000 3160.000000 734.000000 3420.000000
GOOD 407.000000 2214.000000 667.000000 2474.000000
GOOD 387.000000 1394.000000 647.000000 1654.000000
