MALIGNANT 2207.000000 1674.000000 2467.000000 1934.000000
MALIGNANT 2080.000000 1847.000000 2340.000000 2107.000000
MALIGNANT 1934.000000 1920.000000 2194.000000 2180.000000
MALIGNANT 2180.000000 2067.000000 2440.000000 2327.000000
MALIGNANT 2374.000000 2020.000000 2634.000000 2280.000000
MALIGNANT 2614.000000 2080.000000 2874.000000 2340.000000
MALIGNANT 2260.000000 2287.000000 2520.000000 2547.000000
MALIGNANT 2347.000000 2414.000000 2607.000000 2674.000000
MALIGNANT 2540.000000 2547.000000 2800.000000 2807.000000
MALIGNANT 2587.000000 2647.000000 2847.000000 2907.000000
MALIGNANT 2594.000000 2427.000000 2854.000000 2687.000000
MALIGNANT 2587.000000 2320.000000 2847.000000 2580.000000
MALIGNANT 2407.000000 2234.000000 2667.000000 2494.000000
MALIGNANT 2467.000000 2120.000000 2727.000000 2380.000000
MALIGNANT 2574.000000 2167.000000 2834.000000 2427.000000
MALIGNANT 2007.000000 1987.000000 2267.000000 2247.000000
MALIGNANT 2240.000000 1900.000000 2500.000000 2160.000000
