MALIGNANT 254.000000 2847.000000 514.000000 3107.000000
MALIGNANT 214.000000 2647.000000 474.000000 2907.000000
MALIGNANT 147.000000 2540.000000 407.000000 2800.000000
MALIGNANT 267.000000 2387.000000 527.000000 2647.000000
MALIGNANT 307.000000 2494.000000 567.000000 2754.000000
MALIGNANT 320.000000 2587.000000 580.000000 2847.000000
MALIGNANT 354.000000 2754.000000 614.000000 3014.000000
MALIGNANT 140.000000 2827.000000 400.000000 3087.000000
MALIGNANT 374.000000 2420.000000 634.000000 2680.000000
MALIGNANT 247.000000 2687.000000 507.000000 2947.000000
MALIGNANT 334.000000 2814.000000 594.000000 3074.000000
