MALIGNANT 187.000000 2267.000000 447.000000 2527.000000
MALIGNANT 360.000000 2160.000000 620.000000 2420.000000
MALIGNANT 114.000000 2487.000000 374.000000 2747.000000
MALIGNANT 60.000000 2760.000000 320.000000 3020.000000
MALIGNANT 127.000000 3307.000000 387.000000 3567.000000
MALIGNANT 94.000000 3774.000000 354.000000 4034.000000
MALIGNANT 267.000000 5007.000000 527.000000 5267.000000
MALIGNANT 394.000000 4920.000000 654.000000 5180.000000
MALIGNANT 620.000000 4954.000000 880.000000 5214.000000
MALIGNANT 214.000000 4774.000000 474.000000 5034.000000
MALIGNANT 200.000000 4347.000000 460.000000 4607.000000
MALIGNANT 580.000000 2127.000000 840.000000 2387.000000
MALIGNANT 767.000000 2094.000000 1027.000000 2354.000000
MALIGNANT 1034.000000 2080.000000 1294.000000 2340.000000
MALIGNANT 1180.000000 2027.000000 1440.000000 2287.000000
MALIGNANT 1414.000000 2047.000000 1674.000000 2307.000000
MALIGNANT 1640.000000 2094.000000 1900.000000 2354.000000
MALIGNANT 1807.000000 2127.000000 2067.000000 2387.000000
MALIGNANT 1980.000000 2147.000000 2240.000000 2407.000000
MALIGNANT 2174.000000 2194.000000 2434.000000 2454.000000
MALIGNANT 2340.000000 2287.000000 2600.000000 2547.000000
MALIGNANT 2394.000000 2387.000000 2654.000000 2647.000000
MALIGNANT 2534.000000 2487.000000 2794.000000 2747.000000
MALIGNANT 2594.000000 2700.000000 2854.000000 2960.000000
MALIGNANT 2640.000000 2947.000000 2900.000000 3207.000000
MALIGNANT 2627.000000 3167.000000 2887.000000 3427.000000
MALIGNANT 2600.000000 3354.000000 2860.000000 3614.000000
MALIGNANT 2567.000000 3574.000000 2827.000000 3834.000000
MALIGNANT 2520.000000 3747.000000 2780.000000 4007.000000
MALIGNANT 2407.000000 3960.000000 2667.000000 4220.000000
MALIGNANT 2274.000000 4120.000000 2534.000000 4380.000000
MALIGNANT 854.000000 4867.000000 1114.000000 5127.000000
MALIGNANT 1094.000000 4827.000000 1354.000000 5087.000000
MALIGNANT 1294.000000 4760.000000 1554.000000 5020.000000
MALIGNANT 1500.000000 4734.000000 1760.000000 4994.000000
MALIGNANT 1714.000000 4614.000000 1974.000000 4874.000000
MALIGNANT 1934.000000 4500.000000 2194.000000 4760.000000
MALIGNANT 2127.000000 4320.000000 2387.000000 4580.000000
MALIGNANT 1447.000000 4480.000000 1707.000000 4740.000000
MALIGNANT 440.000000 4687.000000 700.000000 4947.000000
MALIGNANT 327.000000 4527.000000 587.000000 4787.000000
MALIGNANT 467.000000 4267.000000 727.000000 4527.000000
MALIGNANT 647.000000 4107.000000 907.000000 4367.000000
MALIGNANT 394.000000 4034.000000 654.000000 4294.000000
MALIGNANT 247.000000 4154.000000 507.000000 4414.000000
MALIGNANT 254.000000 3907.000000 514.000000 4167.000000
MALIGNANT 320.000000 3700.000000 580.000000 3960.000000
MALIGNANT 254.000000 3440.000000 514.000000 3700.000000
MALIGNANT 580.000000 3560.000000 840.000000 3820.000000
MALIGNANT 454.000000 3374.000000 714.000000 3634.000000
MALIGNANT 534.000000 3147.000000 794.000000 3407.000000
MALIGNANT 460.000000 2900.000000 720.000000 3160.000000
MALIGNANT 287.000000 3147.000000 547.000000 3407.000000
MALIGNANT 200.000000 2994.000000 460.000000 3254.000000
MALIGNANT 314.000000 2794.000000 574.000000 3054.000000
MALIGNANT 327.000000 2567.000000 587.000000 2827.000000
MALIGNANT 447.000000 2380.000000 707.000000 2640.000000
MALIGNANT 667.000000 2360.000000 927.000000 2620.000000
MALIGNANT 540.000000 2727.000000 800.000000 2987.000000
MALIGNANT 560.000000 2560.000000 820.000000 2820.000000
MALIGNANT 767.000000 2607.000000 1027.000000 2867.000000
MALIGNANT 694.000000 3080.000000 954.000000 3340.000000
MALIGNANT 727.000000 2834.000000 987.000000 3094.000000
MALIGNANT 647.000000 3307.000000 907.000000 3567.000000
MALIGNANT 560.000000 3807.000000 820.000000 4067.000000
MALIGNANT 720.000000 3980.000000 980.000000 4240.000000
MALIGNANT 534.000000 3980.000000 794.000000 4240.000000
MALIGNANT 714.000000 4740.000000 974.000000 5000.000000
MALIGNANT 580.000000 4480.000000 840.000000 4740.000000
MALIGNANT 887.000000 4654.000000 1147.000000 4914.000000
MALIGNANT 794.000000 4487.000000 1054.000000 4747.000000
MALIGNANT 654.000000 4254.000000 914.000000 4514.000000
MALIGNANT 860.000000 4314.000000 1120.000000 4574.000000
MALIGNANT 1080.000000 4654.000000 1340.000000 4914.000000
MALIGNANT 1060.000000 4407.000000 1320.000000 4667.000000
MALIGNANT 1274.000000 4507.000000 1534.000000 4767.000000
MALIGNANT 920.000000 4134.000000 1180.000000 4394.000000
MALIGNANT 780.000000 3787.000000 1040.000000 4047.000000
MALIGNANT 794.000000 3514.000000 1054.000000 3774.000000
MALIGNANT 860.000000 3274.000000 1120.000000 3534.000000
MALIGNANT 927.000000 3040.000000 1187.000000 3300.000000
MALIGNANT 927.000000 2834.000000 1187.000000 3094.000000
MALIGNANT 900.000000 2274.000000 1160.000000 2534.000000
MALIGNANT 1107.000000 2300.000000 1367.000000 2560.000000
MALIGNANT 960.000000 2580.000000 1220.000000 2840.000000
MALIGNANT 900.000000 2440.000000 1160.000000 2700.000000
MALIGNANT 1354.000000 2267.000000 1614.000000 2527.000000
MALIGNANT 1607.000000 2320.000000 1867.000000 2580.000000
MALIGNANT 1880.000000 2407.000000 2140.000000 2667.000000
MALIGNANT 2160.000000 2320.000000 2420.000000 2580.000000
MALIGNANT 2060.000000 2534.000000 2320.000000 2794.000000
MALIGNANT 2274.000000 2587.000000 2534.000000 2847.000000
MALIGNANT 2394.000000 2794.000000 2654.000000 3054.000000
MALIGNANT 2467.000000 3027.000000 2727.000000 3287.000000
MALIGNANT 2340.000000 3300.000000 2600.000000 3560.000000
MALIGNANT 2300.000000 3507.000000 2560.000000 3767.000000
MALIGNANT 2214.000000 3740.000000 2474.000000 4000.000000
MALIGNANT 2120.000000 3980.000000 2380.000000 4240.000000
MALIGNANT 2040.000000 4154.000000 2300.000000 4414.000000
MALIGNANT 1867.000000 4300.000000 2127.000000 4560.000000
MALIGNANT 1654.000000 4394.000000 1914.000000 4654.000000
MALIGNANT 1420.000000 4274.000000 1680.000000 4534.000000
MALIGNANT 1187.000000 4227.000000 1447.000000 4487.000000
MALIGNANT 1074.000000 4067.000000 1334.000000 4327.000000
MALIGNANT 980.000000 3907.000000 1240.000000 4167.000000
MALIGNANT 960.000000 3620.000000 1220.000000 3880.000000
MALIGNANT 1014.000000 3414.000000 1274.000000 3674.000000
MALIGNANT 1087.000000 3234.000000 1347.000000 3494.000000
MALIGNANT 1187.000000 3014.000000 1447.000000 3274.000000
MALIGNANT 1207.000000 2767.000000 1467.000000 3027.000000
MALIGNANT 1154.000000 2474.000000 1414.000000 2734.000000
MALIGNANT 1020.000000 2834.000000 1280.000000 3094.000000
MALIGNANT 1314.000000 2640.000000 1574.000000 2900.000000
MALIGNANT 1394.000000 2494.000000 1654.000000 2754.000000
MALIGNANT 1647.000000 2547.000000 1907.000000 2807.000000
MALIGNANT 1814.000000 2634.000000 2074.000000 2894.000000
MALIGNANT 1360.000000 2907.000000 1620.000000 3167.000000
MALIGNANT 1534.000000 2740.000000 1794.000000 3000.000000
MALIGNANT 2140.000000 2747.000000 2400.000000 3007.000000
MALIGNANT 1940.000000 2734.000000 2200.000000 2994.000000
MALIGNANT 1700.000000 2847.000000 1960.000000 3107.000000
MALIGNANT 1534.000000 2980.000000 1794.000000 3240.000000
MALIGNANT 1640.000000 4134.000000 1900.000000 4394.000000
MALIGNANT 1827.000000 4047.000000 2087.000000 4307.000000
MALIGNANT 1967.000000 3767.000000 2227.000000 4027.000000
MALIGNANT 2060.000000 3507.000000 2320.000000 3767.000000
MALIGNANT 2147.000000 3347.000000 2407.000000 3607.000000
MALIGNANT 2220.000000 3147.000000 2480.000000 3407.000000
MALIGNANT 2194.000000 2947.000000 2454.000000 3207.000000
MALIGNANT 1940.000000 2960.000000 2200.000000 3220.000000
MALIGNANT 1727.000000 3074.000000 1987.000000 3334.000000
MALIGNANT 1474.000000 3194.000000 1734.000000 3454.000000
MALIGNANT 1287.000000 3234.000000 1547.000000 3494.000000
MALIGNANT 1234.000000 3474.000000 1494.000000 3734.000000
MALIGNANT 1154.000000 3687.000000 1414.000000 3947.000000
MALIGNANT 1207.000000 3894.000000 1467.000000 4154.000000
MALIGNANT 1380.000000 4107.000000 1640.000000 4367.000000
MALIGNANT 1527.000000 3920.000000 1787.000000 4180.000000
MALIGNANT 1374.000000 3794.000000 1634.000000 4054.000000
MALIGNANT 1700.000000 3894.000000 1960.000000 4154.000000
MALIGNANT 1354.000000 3947.000000 1614.000000 4207.000000
MALIGNANT 1394.000000 3620.000000 1654.000000 3880.000000
MALIGNANT 1560.000000 3747.000000 1820.000000 4007.000000
MALIGNANT 1814.000000 3674.000000 2074.000000 3934.000000
MALIGNANT 1860.000000 3440.000000 2120.000000 3700.000000
MALIGNANT 2020.000000 3214.000000 2280.000000 3474.000000
MALIGNANT 1814.000000 3227.000000 2074.000000 3487.000000
MALIGNANT 1647.000000 3527.000000 1907.000000 3787.000000
MALIGNANT 1620.000000 3334.000000 1880.000000 3594.000000
MALIGNANT 1447.000000 3380.000000 1707.000000 3640.000000
MALIGNANT 14.000000 2327.000000 274.000000 2587.000000
MALIGNANT 7.000000 2554.000000 267.000000 2814.000000
MALIGNANT 7.000000 2794.000000 267.000000 3054.000000
MALIGNANT 7.000000 3014.000000 267.000000 3274.000000
MALIGNANT 14.000000 3227.000000 274.000000 3487.000000
MALIGNANT 20.000000 3440.000000 280.000000 3700.000000
MALIGNANT 74.000000 3647.000000 334.000000 3907.000000
MALIGNANT 14.000000 3687.000000 274.000000 3947.000000
MALIGNANT 20.000000 3914.000000 280.000000 4174.000000
MALIGNANT 20.000000 4140.000000 280.000000 4400.000000
MALIGNANT 7.000000 4367.000000 267.000000 4627.000000
MALIGNANT 120.000000 4547.000000 380.000000 4807.000000
MALIGNANT 7.000000 4587.000000 267.000000 4847.000000
MALIGNANT 7.000000 4787.000000 267.000000 5047.000000
MALIGNANT 40.000000 4940.000000 300.000000 5200.000000
MALIGNANT 20.000000 5087.000000 280.000000 5347.000000
