GOOD 1740.000000 3847.000000 2000.000000 4107.000000
GOOD 580.000000 3840.000000 840.000000 4100.000000
GOOD 287.000000 1754.000000 547.000000 2014.000000
GOOD 954.000000 5000.000000 1214.000000 5260.000000
GOOD 1114.000000 1607.000000 1374.000000 1867.000000
GOOD 220.000000 3087.000000 480.000000 3347.000000
GOOD 1987.000000 2740.000000 2247.000000 3000.000000
GOOD 2174.000000 4120.000000 2434.000000 4380.000000
GOOD 167.000000 4434.000000 427.000000 4694.000000
GOOD 1640.000000 2200.000000 1900.000000 2460.000000
