GOOD 300.000000 2520.000000 560.000000 2780.000000
GOOD 240.000000 2927.000000 500.000000 3187.000000
GOOD 187.000000 2187.000000 447.000000 2447.000000
GOOD 67.000000 2460.000000 327.000000 2720.000000
GOOD 40.000000 2860.000000 300.000000 3120.000000
GOOD 574.000000 2614.000000 834.000000 2874.000000
GOOD 420.000000 2127.000000 680.000000 2387.000000
GOOD 254.000000 1900.000000 514.000000 2160.000000
GOOD 114.000000 3234.000000 374.000000 3494.000000
GOOD 527.000000 2960.000000 787.000000 3220.000000
GOOD 60.000000 2007.000000 320.000000 2267.000000
