GOOD 500.000000 1920.000000 760.000000 2180.000000
GOOD 1014.000000 1574.000000 1274.000000 1834.000000
GOOD 1407.000000 1820.000000 1667.000000 2080.000000
GOOD 1700.000000 2020.000000 1960.000000 2280.000000
GOOD 1580.000000 2360.000000 1840.000000 2620.000000
GOOD 1507.000000 2634.000000 1767.000000 2894.000000
GOOD 1334.000000 2954.000000 1594.000000 3214.000000
GOOD 1087.000000 3100.000000 1347.000000 3360.000000
GOOD 767.000000 3294.000000 1027.000000 3554.000000
GOOD 767.000000 3294.000000 1027.000000 3554.000000
GOOD 400.000000 3294.000000 660.000000 3554.000000
GOOD 127.000000 3247.000000 387.000000 3507.000000
GOOD 127.000000 2927.000000 387.000000 3187.000000
GOOD 447.000000 2927.000000 707.000000 3187.000000
GOOD 794.000000 2880.000000 1054.000000 3140.000000
GOOD 474.000000 2560.000000 734.000000 2820.000000
GOOD 200.000000 2587.000000 460.000000 2847.000000
GOOD 180.000000 2287.000000 440.000000 2547.000000
GOOD 520.000000 1647.000000 780.000000 1907.000000
GOOD 547.000000 1234.000000 807.000000 1494.000000
GOOD 200.000000 1160.000000 460.000000 1420.000000
GOOD 967.000000 1254.000000 1227.000000 1514.000000
GOOD 740.000000 914.000000 1000.000000 1174.000000
GOOD 400.000000 740.000000 660.000000 1000.000000
