MALIGNANT 914.000000 1900.000000 1174.000000 2160.000000
MALIGNANT 687.000000 1940.000000 947.000000 2200.000000
MALIGNANT 200.000000 2327.000000 460.000000 2587.000000
MALIGNANT 447.000000 2274.000000 707.000000 2534.000000
MALIGNANT 634.000000 2180.000000 894.000000 2440.000000
MALIGNANT 820.000000 2147.000000 1080.000000 2407.000000
MALIGNANT 967.000000 2247.000000 1227.000000 2507.000000
MALIGNANT 1034.000000 2354.000000 1294.000000 2614.000000
MALIGNANT 467.000000 2340.000000 727.000000 2600.000000
MALIGNANT 660.000000 2400.000000 920.000000 2660.000000
MALIGNANT 847.000000 2334.000000 1107.000000 2594.000000
MALIGNANT 754.000000 2200.000000 1014.000000 2460.000000
MALIGNANT 334.000000 2347.000000 594.000000 2607.000000
MALIGNANT 774.000000 2027.000000 1034.000000 2287.000000
MALIGNANT 914.000000 2234.000000 1174.000000 2494.000000
MALIGNANT 594.000000 2294.000000 854.000000 2554.000000
