GOOD 2074.000000 1280.000000 2334.000000 1540.000000
GOOD 1640.000000 1434.000000 1900.000000 1694.000000
GOOD 1574.000000 1787.000000 1834.000000 2047.000000
GOOD 1514.000000 2087.000000 1774.000000 2347.000000
GOOD 1507.000000 2294.000000 1767.000000 2554.000000
GOOD 1520.000000 2667.000000 1780.000000 2927.000000
GOOD 1740.000000 2880.000000 2000.000000 3140.000000
GOOD 1900.000000 3094.000000 2160.000000 3354.000000
GOOD 2100.000000 3254.000000 2360.000000 3514.000000
GOOD 2300.000000 3434.000000 2560.000000 3694.000000
GOOD 2407.000000 3114.000000 2667.000000 3374.000000
GOOD 2367.000000 2887.000000 2627.000000 3147.000000
GOOD 2360.000000 2534.000000 2620.000000 2794.000000
GOOD 2340.000000 2074.000000 2600.000000 2334.000000
GOOD 2340.000000 1747.000000 2600.000000 2007.000000
GOOD 2054.000000 2067.000000 2314.000000 2327.000000
GOOD 1947.000000 2467.000000 2207.000000 2727.000000
GOOD 2040.000000 2854.000000 2300.000000 3114.000000
GOOD 1794.000000 2214.000000 2054.000000 2474.000000
GOOD 2407.000000 1314.000000 2667.000000 1574.000000
GOOD 2367.000000 954.000000 2627.000000 1214.000000
GOOD 2014.000000 960.000000 2274.000000 1220.000000
GOOD 1787.000000 2620.000000 2047.000000 2880.000000
GOOD 2260.000000 2394.000000 2520.000000 2654.000000
