GOOD 1754.000000 3560.000000 2014.000000 3820.000000
GOOD 2120.000000 3540.000000 2380.000000 3800.000000
GOOD 2260.000000 3147.000000 2520.000000 3407.000000
GOOD 2240.000000 2780.000000 2500.000000 3040.000000
GOOD 2140.000000 2494.000000 2400.000000 2754.000000
GOOD 1834.000000 2454.000000 2094.000000 2714.000000
GOOD 1507.000000 2740.000000 1767.000000 3000.000000
GOOD 1400.000000 3414.000000 1660.000000 3674.000000
GOOD 1487.000000 3720.000000 1747.000000 3980.000000
GOOD 1774.000000 3887.000000 2034.000000 4147.000000
GOOD 1774.000000 3887.000000 2034.000000 4147.000000
GOOD 2180.000000 3867.000000 2440.000000 4127.000000
GOOD 2447.000000 3580.000000 2707.000000 3840.000000
GOOD 2447.000000 3580.000000 2707.000000 3840.000000
GOOD 2287.000000 4114.000000 2547.000000 4374.000000
GOOD 1894.000000 4174.000000 2154.000000 4434.000000
GOOD 1854.000000 4420.000000 2114.000000 4680.000000
GOOD 1527.000000 4234.000000 1787.000000 4494.000000
GOOD 1547.000000 4560.000000 1807.000000 4820.000000
GOOD 1914.000000 4807.000000 2174.000000 5067.000000
GOOD 2160.000000 4480.000000 2420.000000 4740.000000
GOOD 2260.000000 4807.000000 2520.000000 5067.000000
GOOD 2487.000000 4500.000000 2747.000000 4760.000000
GOOD 2440.000000 2300.000000 2700.000000 2560.000000
