GOOD 2700.000000 1634.000000 2960.000000 1894.000000
GOOD 2727.000000 1987.000000 2987.000000 2247.000000
GOOD 2654.000000 2294.000000 2914.000000 2554.000000
GOOD 2600.000000 2554.000000 2860.000000 2814.000000
GOOD 2634.000000 2767.000000 2894.000000 3027.000000
GOOD 2687.000000 2987.000000 2947.000000 3247.000000
GOOD 2660.000000 3234.000000 2920.000000 3494.000000
GOOD 2434.000000 3187.000000 2694.000000 3447.000000
GOOD 2247.000000 3014.000000 2507.000000 3274.000000
GOOD 2047.000000 2754.000000 2307.000000 3014.000000
GOOD 1894.000000 2507.000000 2154.000000 2767.000000
GOOD 1934.000000 2174.000000 2194.000000 2434.000000
GOOD 2034.000000 1947.000000 2294.000000 2207.000000
GOOD 2200.000000 1614.000000 2460.000000 1874.000000
GOOD 2487.000000 1800.000000 2747.000000 2060.000000
GOOD 2340.000000 1974.000000 2600.000000 2234.000000
GOOD 2294.000000 2120.000000 2554.000000 2380.000000
GOOD 2247.000000 2380.000000 2507.000000 2640.000000
GOOD 2340.000000 2714.000000 2600.000000 2974.000000
