GOOD 154.000000 1594.000000 414.000000 1854.000000
GOOD 114.000000 1954.000000 374.000000 2214.000000
GOOD 100.000000 2294.000000 360.000000 2554.000000
GOOD 80.000000 2554.000000 340.000000 2814.000000
GOOD 74.000000 3140.000000 334.000000 3400.000000
GOOD 527.000000 1840.000000 787.000000 2100.000000
GOOD 167.000000 1154.000000 427.000000 1414.000000
GOOD 507.000000 1014.000000 767.000000 1274.000000
GOOD 414.000000 3947.000000 674.000000 4207.000000
GOOD 87.000000 3994.000000 347.000000 4254.000000
