GOOD 734.000000 3080.000000 994.000000 3340.000000
GOOD 374.000000 2607.000000 634.000000 2867.000000
GOOD 1140.000000 2607.000000 1400.000000 2867.000000
GOOD 1214.000000 3300.000000 1474.000000 3560.000000
GOOD 467.000000 3860.000000 727.000000 4120.000000
GOOD 1100.000000 4000.000000 1360.000000 4260.000000
GOOD 1187.000000 4307.000000 1447.000000 4567.000000
GOOD 554.000000 4534.000000 814.000000 4794.000000
GOOD 2020.000000 3607.000000 2280.000000 3867.000000
GOOD 2487.000000 3174.000000 2747.000000 3434.000000
GOOD 2460.000000 2594.000000 2720.000000 2854.000000
GOOD 2867.000000 2334.000000 3127.000000 2594.000000
GOOD 3140.000000 2620.000000 3400.000000 2880.000000
