GOOD 2494.000000 2880.000000 2754.000000 3140.000000
GOOD 1907.000000 3040.000000 2167.000000 3300.000000
GOOD 2047.000000 3500.000000 2307.000000 3760.000000
GOOD 2334.000000 3967.000000 2594.000000 4227.000000
GOOD 2414.000000 3460.000000 2674.000000 3720.000000
GOOD 2314.000000 4307.000000 2574.000000 4567.000000
GOOD 2494.000000 4587.000000 2754.000000 4847.000000
GOOD 1587.000000 3340.000000 1847.000000 3600.000000
GOOD 1547.000000 2660.000000 1807.000000 2920.000000
GOOD 1507.000000 3020.000000 1767.000000 3280.000000
GOOD 1987.000000 2580.000000 2247.000000 2840.000000
