GOOD 2127.000000 2547.000000 2387.000000 2807.000000
GOOD 2400.000000 2220.000000 2660.000000 2480.000000
GOOD 1647.000000 2260.000000 1907.000000 2520.000000
GOOD 2240.000000 3007.000000 2500.000000 3267.000000
GOOD 2414.000000 3380.000000 2674.000000 3640.000000
GOOD 1980.000000 3227.000000 2240.000000 3487.000000
GOOD 1634.000000 2880.000000 1894.000000 3140.000000
GOOD 1480.000000 1907.000000 1740.000000 2167.000000
GOOD 1580.000000 1620.000000 1840.000000 1880.000000
GOOD 2454.000000 967.000000 2714.000000 1227.000000
