GOOD 447.000000 887.000000 707.000000 1147.000000
GOOD 140.000000 874.000000 400.000000 1134.000000
GOOD 807.000000 1100.000000 1067.000000 1360.000000
GOOD 1047.000000 1300.000000 1307.000000 1560.000000
GOOD 1167.000000 1547.000000 1427.000000 1807.000000
GOOD 1340.000000 1820.000000 1600.000000 2080.000000
GOOD 1407.000000 2080.000000 1667.000000 2340.000000
GOOD 1414.000000 2354.000000 1674.000000 2614.000000
GOOD 1307.000000 2600.000000 1567.000000 2860.000000
GOOD 1234.000000 2887.000000 1494.000000 3147.000000
GOOD 940.000000 2854.000000 1200.000000 3114.000000
GOOD 640.000000 2860.000000 900.000000 3120.000000
GOOD 540.000000 3147.000000 800.000000 3407.000000
GOOD 547.000000 3434.000000 807.000000 3694.000000
GOOD 280.000000 3467.000000 540.000000 3727.000000
GOOD 220.000000 3167.000000 480.000000 3427.000000
GOOD 294.000000 2874.000000 554.000000 3134.000000
GOOD 500.000000 2587.000000 760.000000 2847.000000
GOOD 800.000000 2574.000000 1060.000000 2834.000000
GOOD 1074.000000 2380.000000 1334.000000 2640.000000
GOOD 1074.000000 2114.000000 1334.000000 2374.000000
GOOD 960.000000 1747.000000 1220.000000 2007.000000
GOOD 774.000000 1414.000000 1034.000000 1674.000000
GOOD 540.000000 1334.000000 800.000000 1594.000000
GOOD 167.000000 1200.000000 427.000000 1460.000000
GOOD 154.000000 1514.000000 414.000000 1774.000000
GOOD 394.000000 1627.000000 654.000000 1887.000000
GOOD 594.000000 1727.000000 854.000000 1987.000000
GOOD 740.000000 1987.000000 1000.000000 2247.000000
GOOD 754.000000 2254.000000 1014.000000 2514.000000
GOOD 460.000000 1980.000000 720.000000 2240.000000
GOOD 487.000000 2300.000000 747.000000 2560.000000
GOOD 154.000000 1834.000000 414.000000 2094.000000
GOOD 147.000000 2134.000000 407.000000 2394.000000
GOOD 180.000000 2414.000000 440.000000 2674.000000
GOOD 67.000000 2754.000000 327.000000 3014.000000
GOOD 94.000000 3394.000000 354.000000 3654.000000
GOOD 467.000000 1214.000000 727.000000 1474.000000
