GOOD 2034.000000 2394.000000 2294.000000 2654.000000
GOOD 1974.000000 2654.000000 2234.000000 2914.000000
GOOD 1700.000000 2854.000000 1960.000000 3114.000000
GOOD 1887.000000 3094.000000 2147.000000 3354.000000
GOOD 2027.000000 3314.000000 2287.000000 3574.000000
GOOD 2260.000000 3560.000000 2520.000000 3820.000000
GOOD 2547.000000 3714.000000 2807.000000 3974.000000
GOOD 2580.000000 3380.000000 2840.000000 3640.000000
GOOD 2594.000000 3114.000000 2854.000000 3374.000000
GOOD 2554.000000 2807.000000 2814.000000 3067.000000
GOOD 2547.000000 2527.000000 2807.000000 2787.000000
GOOD 2474.000000 2234.000000 2734.000000 2494.000000
GOOD 2507.000000 1907.000000 2767.000000 2167.000000
GOOD 2480.000000 1607.000000 2740.000000 1867.000000
GOOD 2474.000000 1314.000000 2734.000000 1574.000000
GOOD 2527.000000 1054.000000 2787.000000 1314.000000
GOOD 2607.000000 754.000000 2867.000000 1014.000000
GOOD 2220.000000 1107.000000 2480.000000 1367.000000
GOOD 1994.000000 1414.000000 2254.000000 1674.000000
GOOD 1767.000000 1680.000000 2027.000000 1940.000000
GOOD 1667.000000 2087.000000 1927.000000 2347.000000
GOOD 1940.000000 2067.000000 2200.000000 2327.000000
GOOD 2147.000000 1787.000000 2407.000000 2047.000000
GOOD 2200.000000 2847.000000 2460.000000 3107.000000
GOOD 2267.000000 3180.000000 2527.000000 3440.000000
