GOOD 827.000000 3454.000000 1087.000000 3714.000000
GOOD 574.000000 3160.000000 834.000000 3420.000000
GOOD 1267.000000 3027.000000 1527.000000 3287.000000
GOOD 1240.000000 3420.000000 1500.000000 3680.000000
GOOD 474.000000 3700.000000 734.000000 3960.000000
GOOD 114.000000 3560.000000 374.000000 3820.000000
GOOD 154.000000 3214.000000 414.000000 3474.000000
GOOD 440.000000 3440.000000 700.000000 3700.000000
GOOD 327.000000 2874.000000 587.000000 3134.000000
GOOD 267.000000 2140.000000 527.000000 2400.000000
GOOD 714.000000 2500.000000 974.000000 2760.000000
GOOD 314.000000 2540.000000 574.000000 2800.000000
GOOD 714.000000 2827.000000 974.000000 3087.000000
