GOOD 414.000000 2334.000000 674.000000 2594.000000
GOOD 880.000000 2380.000000 1140.000000 2640.000000
GOOD 1214.000000 2380.000000 1474.000000 2640.000000
GOOD 1700.000000 2354.000000 1960.000000 2614.000000
GOOD 1727.000000 2760.000000 1987.000000 3020.000000
GOOD 2020.000000 2760.000000 2280.000000 3020.000000
GOOD 2000.000000 3160.000000 2260.000000 3420.000000
GOOD 1700.000000 3100.000000 1960.000000 3360.000000
GOOD 1700.000000 3100.000000 1960.000000 3360.000000
GOOD 1407.000000 2714.000000 1667.000000 2974.000000
GOOD 1087.000000 2674.000000 1347.000000 2934.000000
GOOD 727.000000 2654.000000 987.000000 2914.000000
GOOD 327.000000 2654.000000 587.000000 2914.000000
GOOD 160.000000 3034.000000 420.000000 3294.000000
GOOD 520.000000 3034.000000 780.000000 3294.000000
GOOD 814.000000 3054.000000 1074.000000 3314.000000
GOOD 1154.000000 3054.000000 1414.000000 3314.000000
GOOD 1767.000000 3394.000000 2027.000000 3654.000000
GOOD 1387.000000 3354.000000 1647.000000 3614.000000
GOOD 1067.000000 3327.000000 1327.000000 3587.000000
GOOD 707.000000 3307.000000 967.000000 3567.000000
GOOD 327.000000 3374.000000 587.000000 3634.000000
GOOD 267.000000 3774.000000 527.000000 4034.000000
GOOD 647.000000 3754.000000 907.000000 4014.000000
GOOD 1007.000000 3647.000000 1267.000000 3907.000000
GOOD 1387.000000 3734.000000 1647.000000 3994.000000
GOOD 374.000000 4154.000000 634.000000 4414.000000
GOOD 754.000000 4047.000000 1014.000000 4307.000000
GOOD 287.000000 1767.000000 547.000000 2027.000000
GOOD 647.000000 1554.000000 907.000000 1814.000000
GOOD 1367.000000 1847.000000 1627.000000 2107.000000
