MALIGNANT 14.000000 907.000000 274.000000 1167.000000
MALIGNANT 127.000000 1007.000000 387.000000 1267.000000
MALIGNANT 334.000000 1067.000000 594.000000 1327.000000
MALIGNANT 494.000000 1140.000000 754.000000 1400.000000
MALIGNANT 647.000000 1254.000000 907.000000 1514.000000
MALIGNANT 754.000000 1400.000000 1014.000000 1660.000000
MALIGNANT 867.000000 1587.000000 1127.000000 1847.000000
MALIGNANT 967.000000 1754.000000 1227.000000 2014.000000
MALIGNANT 1180.000000 1714.000000 1440.000000 1974.000000
MALIGNANT 880.000000 1340.000000 1140.000000 1600.000000
MALIGNANT 1040.000000 1454.000000 1300.000000 1714.000000
MALIGNANT 1127.000000 1547.000000 1387.000000 1807.000000
MALIGNANT 1107.000000 1674.000000 1367.000000 1934.000000
MALIGNANT 227.000000 1127.000000 487.000000 1387.000000
MALIGNANT 67.000000 827.000000 327.000000 1087.000000
MALIGNANT 580.000000 1027.000000 840.000000 1287.000000
MALIGNANT 374.000000 1220.000000 634.000000 1480.000000
MALIGNANT 847.000000 1247.000000 1107.000000 1507.000000
MALIGNANT 1034.000000 1527.000000 1294.000000 1787.000000
MALIGNANT 847.000000 1447.000000 1107.000000 1707.000000
