MALIGNANT 1327.000000 3134.000000 1587.000000 3394.000000
MALIGNANT 1567.000000 3294.000000 1827.000000 3554.000000
MALIGNANT 1360.000000 2854.000000 1620.000000 3114.000000
MALIGNANT 1274.000000 2860.000000 1534.000000 3120.000000
MALIGNANT 1474.000000 3034.000000 1734.000000 3294.000000
MALIGNANT 1600.000000 3100.000000 1860.000000 3360.000000
MALIGNANT 1560.000000 3160.000000 1820.000000 3420.000000
MALIGNANT 1420.000000 3127.000000 1680.000000 3387.000000
MALIGNANT 1387.000000 2900.000000 1647.000000 3160.000000
MALIGNANT 1280.000000 2900.000000 1540.000000 3160.000000
MALIGNANT 1514.000000 3127.000000 1774.000000 3387.000000
MALIGNANT 1360.000000 3094.000000 1620.000000 3354.000000
MALIGNANT 1434.000000 2960.000000 1694.000000 3220.000000
