MALIGNANT 580.000000 1334.000000 840.000000 1594.000000
MALIGNANT 727.000000 1254.000000 987.000000 1514.000000
MALIGNANT 900.000000 1227.000000 1160.000000 1487.000000
MALIGNANT 1014.000000 1140.000000 1274.000000 1400.000000
MALIGNANT 1214.000000 1074.000000 1474.000000 1334.000000
MALIGNANT 1414.000000 1067.000000 1674.000000 1327.000000
MALIGNANT 1600.000000 1000.000000 1860.000000 1260.000000
MALIGNANT 1827.000000 980.000000 2087.000000 1240.000000
MALIGNANT 2040.000000 987.000000 2300.000000 1247.000000
MALIGNANT 2220.000000 1087.000000 2480.000000 1347.000000
MALIGNANT 2240.000000 1007.000000 2500.000000 1267.000000
MALIGNANT 2447.000000 1040.000000 2707.000000 1300.000000
MALIGNANT 2560.000000 1120.000000 2820.000000 1380.000000
MALIGNANT 2594.000000 1314.000000 2854.000000 1574.000000
MALIGNANT 2634.000000 1487.000000 2894.000000 1747.000000
MALIGNANT 2660.000000 1687.000000 2920.000000 1947.000000
MALIGNANT 547.000000 1527.000000 807.000000 1787.000000
MALIGNANT 574.000000 1814.000000 834.000000 2074.000000
MALIGNANT 567.000000 1667.000000 827.000000 1927.000000
MALIGNANT 607.000000 1927.000000 867.000000 2187.000000
MALIGNANT 660.000000 2087.000000 920.000000 2347.000000
MALIGNANT 807.000000 2194.000000 1067.000000 2454.000000
MALIGNANT 1020.000000 2254.000000 1280.000000 2514.000000
MALIGNANT 1267.000000 2280.000000 1527.000000 2540.000000
MALIGNANT 1507.000000 2314.000000 1767.000000 2574.000000
MALIGNANT 1767.000000 2320.000000 2027.000000 2580.000000
MALIGNANT 1974.000000 2287.000000 2234.000000 2547.000000
MALIGNANT 2174.000000 2254.000000 2434.000000 2514.000000
MALIGNANT 2354.000000 2240.000000 2614.000000 2500.000000
MALIGNANT 2534.000000 2154.000000 2794.000000 2414.000000
MALIGNANT 2640.000000 2047.000000 2900.000000 2307.000000
MALIGNANT 2667.000000 1860.000000 2927.000000 2120.000000
MALIGNANT 767.000000 1480.000000 1027.000000 1740.000000
MALIGNANT 1000.000000 1400.000000 1260.000000 1660.000000
MALIGNANT 1240.000000 1287.000000 1500.000000 1547.000000
MALIGNANT 1494.000000 1254.000000 1754.000000 1514.000000
MALIGNANT 1694.000000 1180.000000 1954.000000 1440.000000
MALIGNANT 1927.000000 1147.000000 2187.000000 1407.000000
MALIGNANT 2407.000000 1240.000000 2667.000000 1500.000000
MALIGNANT 2127.000000 1260.000000 2387.000000 1520.000000
MALIGNANT 2347.000000 1427.000000 2607.000000 1687.000000
MALIGNANT 787.000000 1720.000000 1047.000000 1980.000000
MALIGNANT 967.000000 1554.000000 1227.000000 1814.000000
MALIGNANT 1380.000000 1454.000000 1640.000000 1714.000000
MALIGNANT 1174.000000 1487.000000 1434.000000 1747.000000
MALIGNANT 754.000000 1887.000000 1014.000000 2147.000000
MALIGNANT 934.000000 2060.000000 1194.000000 2320.000000
MALIGNANT 894.000000 1840.000000 1154.000000 2100.000000
MALIGNANT 1054.000000 1714.000000 1314.000000 1974.000000
MALIGNANT 1187.000000 2100.000000 1447.000000 2360.000000
MALIGNANT 1027.000000 1907.000000 1287.000000 2167.000000
MALIGNANT 1267.000000 1900.000000 1527.000000 2160.000000
MALIGNANT 1320.000000 1727.000000 1580.000000 1987.000000
MALIGNANT 1460.000000 1640.000000 1720.000000 1900.000000
MALIGNANT 1627.000000 1434.000000 1887.000000 1694.000000
MALIGNANT 1847.000000 1374.000000 2107.000000 1634.000000
MALIGNANT 2054.000000 1427.000000 2314.000000 1687.000000
MALIGNANT 2240.000000 1487.000000 2500.000000 1747.000000
MALIGNANT 2447.000000 1627.000000 2707.000000 1887.000000
MALIGNANT 2520.000000 1854.000000 2780.000000 2114.000000
MALIGNANT 2394.000000 2027.000000 2654.000000 2287.000000
MALIGNANT 2194.000000 2080.000000 2454.000000 2340.000000
MALIGNANT 1980.000000 2160.000000 2240.000000 2420.000000
MALIGNANT 1794.000000 2174.000000 2054.000000 2434.000000
MALIGNANT 1654.000000 2120.000000 1914.000000 2380.000000
MALIGNANT 1400.000000 2080.000000 1660.000000 2340.000000
MALIGNANT 1474.000000 1827.000000 1734.000000 2087.000000
MALIGNANT 1614.000000 1980.000000 1874.000000 2240.000000
MALIGNANT 1627.000000 1607.000000 1887.000000 1867.000000
MALIGNANT 1674.000000 1787.000000 1934.000000 2047.000000
MALIGNANT 1800.000000 1560.000000 2060.000000 1820.000000
MALIGNANT 2027.000000 1627.000000 2287.000000 1887.000000
MALIGNANT 2234.000000 1714.000000 2494.000000 1974.000000
MALIGNANT 2340.000000 1847.000000 2600.000000 2107.000000
MALIGNANT 2120.000000 1920.000000 2380.000000 2180.000000
MALIGNANT 1874.000000 1947.000000 2134.000000 2207.000000
MALIGNANT 1860.000000 1760.000000 2120.000000 2020.000000
