GOOD 1287.000000 2047.000000 1547.000000 2307.000000
GOOD 1014.000000 1794.000000 1274.000000 2054.000000
GOOD 654.000000 1894.000000 914.000000 2154.000000
GOOD 340.000000 2247.000000 600.000000 2507.000000
GOOD 707.000000 2434.000000 967.000000 2694.000000
GOOD 1027.000000 2654.000000 1287.000000 2914.000000
GOOD 1494.000000 2587.000000 1754.000000 2847.000000
GOOD 1100.000000 2347.000000 1360.000000 2607.000000
GOOD 280.000000 2740.000000 540.000000 3000.000000
GOOD 660.000000 2774.000000 920.000000 3034.000000
GOOD 127.000000 1814.000000 387.000000 2074.000000
GOOD 447.000000 1500.000000 707.000000 1760.000000
GOOD 787.000000 1514.000000 1047.000000 1774.000000
