GOOD 67.000000 1934.000000 327.000000 2194.000000
GOOD 574.000000 1940.000000 834.000000 2200.000000
GOOD 374.000000 1607.000000 634.000000 1867.000000
GOOD 354.000000 2200.000000 614.000000 2460.000000
GOOD 634.000000 2287.000000 894.000000 2547.000000
GOOD 980.000000 2094.000000 1240.000000 2354.000000
GOOD 914.000000 1794.000000 1174.000000 2054.000000
GOOD 840.000000 1594.000000 1100.000000 1854.000000
GOOD 707.000000 1440.000000 967.000000 1700.000000
GOOD 500.000000 1200.000000 760.000000 1460.000000
GOOD 207.000000 1100.000000 467.000000 1360.000000
GOOD 74.000000 1447.000000 334.000000 1707.000000
GOOD 67.000000 2280.000000 327.000000 2540.000000
GOOD 40.000000 2547.000000 300.000000 2807.000000
GOOD 0.000000 2740.000000 260.000000 3000.000000
GOOD 20.000000 3140.000000 280.000000 3400.000000
GOOD 20.000000 3427.000000 280.000000 3687.000000
GOOD 40.000000 3687.000000 300.000000 3947.000000
GOOD 400.000000 3654.000000 660.000000 3914.000000
GOOD 674.000000 3467.000000 934.000000 3727.000000
GOOD 1020.000000 3254.000000 1280.000000 3514.000000
GOOD 1254.000000 3000.000000 1514.000000 3260.000000
GOOD 1427.000000 2674.000000 1687.000000 2934.000000
GOOD 1434.000000 2347.000000 1694.000000 2607.000000
GOOD 1387.000000 2127.000000 1647.000000 2387.000000
GOOD 1334.000000 1820.000000 1594.000000 2080.000000
GOOD 1247.000000 1520.000000 1507.000000 1780.000000
GOOD 987.000000 1280.000000 1247.000000 1540.000000
GOOD 1054.000000 2407.000000 1314.000000 2667.000000
GOOD 1100.000000 2634.000000 1360.000000 2894.000000
GOOD 914.000000 2927.000000 1174.000000 3187.000000
GOOD 614.000000 3167.000000 874.000000 3427.000000
GOOD 327.000000 3300.000000 587.000000 3560.000000
GOOD 380.000000 2920.000000 640.000000 3180.000000
GOOD 354.000000 2547.000000 614.000000 2807.000000
GOOD 714.000000 2667.000000 974.000000 2927.000000
