GOOD 2574.000000 1047.000000 2834.000000 1307.000000
GOOD 2160.000000 1047.000000 2420.000000 1307.000000
GOOD 1707.000000 1187.000000 1967.000000 1447.000000
GOOD 2114.000000 1480.000000 2374.000000 1740.000000
GOOD 2500.000000 1407.000000 2760.000000 1667.000000
GOOD 1680.000000 1647.000000 1940.000000 1907.000000
GOOD 1154.000000 1934.000000 1414.000000 2194.000000
GOOD 1734.000000 2007.000000 1994.000000 2267.000000
GOOD 2520.000000 2007.000000 2780.000000 2267.000000
GOOD 2094.000000 2007.000000 2354.000000 2267.000000
GOOD 1974.000000 2820.000000 2234.000000 3080.000000
