MALIGNANT 907.000000 3000.000000 1167.000000 3260.000000
MALIGNANT 727.000000 3020.000000 987.000000 3280.000000
MALIGNANT 554.000000 3100.000000 814.000000 3360.000000
MALIGNANT 534.000000 3287.000000 794.000000 3547.000000
MALIGNANT 620.000000 3434.000000 880.000000 3694.000000
MALIGNANT 780.000000 3427.000000 1040.000000 3687.000000
MALIGNANT 760.000000 3220.000000 1020.000000 3480.000000
MALIGNANT 1040.000000 3060.000000 1300.000000 3320.000000
MALIGNANT 987.000000 3240.000000 1247.000000 3500.000000
MALIGNANT 900.000000 3327.000000 1160.000000 3587.000000
