MALIGNANT 154.000000 1914.000000 414.000000 2174.000000
MALIGNANT 160.000000 2094.000000 420.000000 2354.000000
MALIGNANT 367.000000 2074.000000 627.000000 2334.000000
MALIGNANT 240.000000 1794.000000 500.000000 2054.000000
MALIGNANT 300.000000 1680.000000 560.000000 1940.000000
MALIGNANT 414.000000 1580.000000 674.000000 1840.000000
MALIGNANT 540.000000 1520.000000 800.000000 1780.000000
MALIGNANT 647.000000 1434.000000 907.000000 1694.000000
MALIGNANT 800.000000 1420.000000 1060.000000 1680.000000
MALIGNANT 867.000000 1520.000000 1127.000000 1780.000000
MALIGNANT 887.000000 1640.000000 1147.000000 1900.000000
MALIGNANT 827.000000 1707.000000 1087.000000 1967.000000
MALIGNANT 740.000000 1800.000000 1000.000000 2060.000000
MALIGNANT 634.000000 1900.000000 894.000000 2160.000000
MALIGNANT 500.000000 1974.000000 760.000000 2234.000000
MALIGNANT 327.000000 1814.000000 587.000000 2074.000000
MALIGNANT 520.000000 1734.000000 780.000000 1994.000000
MALIGNANT 654.000000 1627.000000 914.000000 1887.000000
MALIGNANT 267.000000 2000.000000 527.000000 2260.000000
