MALIGNANT 7.000000 1220.000000 267.000000 1480.000000
MALIGNANT 160.000000 1340.000000 420.000000 1600.000000
MALIGNANT 47.000000 1447.000000 307.000000 1707.000000
MALIGNANT 60.000000 1707.000000 320.000000 1967.000000
MALIGNANT 47.000000 1960.000000 307.000000 2220.000000
MALIGNANT 67.000000 2174.000000 327.000000 2434.000000
MALIGNANT 94.000000 2307.000000 354.000000 2567.000000
MALIGNANT 280.000000 2367.000000 540.000000 2627.000000
MALIGNANT 434.000000 2320.000000 694.000000 2580.000000
MALIGNANT 554.000000 2234.000000 814.000000 2494.000000
MALIGNANT 654.000000 2100.000000 914.000000 2360.000000
MALIGNANT 720.000000 1900.000000 980.000000 2160.000000
MALIGNANT 200.000000 2054.000000 460.000000 2314.000000
MALIGNANT 314.000000 2207.000000 574.000000 2467.000000
MALIGNANT 494.000000 2034.000000 754.000000 2294.000000
MALIGNANT 327.000000 1987.000000 587.000000 2247.000000
MALIGNANT 214.000000 1860.000000 474.000000 2120.000000
MALIGNANT 234.000000 1640.000000 494.000000 1900.000000
MALIGNANT 254.000000 1447.000000 514.000000 1707.000000
MALIGNANT 514.000000 1440.000000 774.000000 1700.000000
MALIGNANT 640.000000 1474.000000 900.000000 1734.000000
MALIGNANT 754.000000 1547.000000 1014.000000 1807.000000
MALIGNANT 754.000000 1727.000000 1014.000000 1987.000000
MALIGNANT 567.000000 1840.000000 827.000000 2100.000000
MALIGNANT 400.000000 1780.000000 660.000000 2040.000000
MALIGNANT 607.000000 1640.000000 867.000000 1900.000000
MALIGNANT 394.000000 1620.000000 654.000000 1880.000000
