MALIGNANT 660.000000 3280.000000 920.000000 3540.000000
MALIGNANT 480.000000 3274.000000 740.000000 3534.000000
MALIGNANT 320.000000 3294.000000 580.000000 3554.000000
MALIGNANT 247.000000 3407.000000 507.000000 3667.000000
MALIGNANT 400.000000 3494.000000 660.000000 3754.000000
MALIGNANT 560.000000 3474.000000 820.000000 3734.000000
MALIGNANT 694.000000 3520.000000 954.000000 3780.000000
MALIGNANT 287.000000 3560.000000 547.000000 3820.000000
MALIGNANT 394.000000 3680.000000 654.000000 3940.000000
MALIGNANT 567.000000 3654.000000 827.000000 3914.000000
MALIGNANT 594.000000 3374.000000 854.000000 3634.000000
MALIGNANT 500.000000 3614.000000 760.000000 3874.000000
