GOOD 200.000000 567.000000 460.000000 827.000000
GOOD 420.000000 620.000000 680.000000 880.000000
GOOD 687.000000 754.000000 947.000000 1014.000000
GOOD 960.000000 860.000000 1220.000000 1120.000000
GOOD 1174.000000 994.000000 1434.000000 1254.000000
GOOD 1227.000000 1320.000000 1487.000000 1580.000000
GOOD 1420.000000 1454.000000 1680.000000 1714.000000
GOOD 1500.000000 1727.000000 1760.000000 1987.000000
GOOD 1580.000000 1940.000000 1840.000000 2200.000000
GOOD 1554.000000 2180.000000 1814.000000 2440.000000
GOOD 1147.000000 2807.000000 1407.000000 3067.000000
GOOD 1067.000000 2967.000000 1327.000000 3227.000000
GOOD 767.000000 3234.000000 1027.000000 3494.000000
GOOD 500.000000 3374.000000 760.000000 3634.000000
GOOD 500.000000 3374.000000 760.000000 3634.000000
GOOD 234.000000 3614.000000 494.000000 3874.000000
GOOD 94.000000 3287.000000 354.000000 3547.000000
GOOD 120.000000 2887.000000 380.000000 3147.000000
GOOD 40.000000 2507.000000 300.000000 2767.000000
GOOD 14.000000 2267.000000 274.000000 2527.000000
GOOD 67.000000 1860.000000 327.000000 2120.000000
GOOD 67.000000 1480.000000 327.000000 1740.000000
GOOD 147.000000 1047.000000 407.000000 1307.000000
GOOD 340.000000 1587.000000 600.000000 1847.000000
GOOD 660.000000 1700.000000 920.000000 1960.000000
GOOD 1040.000000 1780.000000 1300.000000 2040.000000
GOOD 1040.000000 1780.000000 1300.000000 2040.000000
GOOD 827.000000 2047.000000 1087.000000 2307.000000
GOOD 474.000000 1940.000000 734.000000 2200.000000
GOOD 394.000000 2267.000000 654.000000 2527.000000
GOOD 367.000000 2560.000000 627.000000 2820.000000
GOOD 474.000000 2967.000000 734.000000 3227.000000
GOOD 794.000000 2807.000000 1054.000000 3067.000000
GOOD 880.000000 2427.000000 1140.000000 2687.000000
GOOD 474.000000 1080.000000 734.000000 1340.000000
