GOOD 2374.000000 3787.000000 2634.000000 4047.000000
GOOD 2060.000000 3700.000000 2320.000000 3960.000000
GOOD 1660.000000 3614.000000 1920.000000 3874.000000
GOOD 1320.000000 3274.000000 1580.000000 3534.000000
GOOD 1747.000000 3160.000000 2007.000000 3420.000000
GOOD 2147.000000 3327.000000 2407.000000 3587.000000
GOOD 2260.000000 2907.000000 2520.000000 3167.000000
GOOD 927.000000 2960.000000 1187.000000 3220.000000
GOOD 894.000000 2280.000000 1154.000000 2540.000000
GOOD 1294.000000 2787.000000 1554.000000 3047.000000
GOOD 2114.000000 947.000000 2374.000000 1207.000000
GOOD 1634.000000 1174.000000 1894.000000 1434.000000
GOOD 1267.000000 1740.000000 1527.000000 2000.000000
GOOD 2147.000000 1367.000000 2407.000000 1627.000000
