MALIGNANT 1054.000000 2407.000000 1314.000000 2667.000000
MALIGNANT 1274.000000 2420.000000 1534.000000 2680.000000
MALIGNANT 1380.000000 2620.000000 1640.000000 2880.000000
MALIGNANT 1234.000000 2647.000000 1494.000000 2907.000000
MALIGNANT 1127.000000 2580.000000 1387.000000 2840.000000
MALIGNANT 1254.000000 2514.000000 1514.000000 2774.000000
MALIGNANT 1147.000000 2467.000000 1407.000000 2727.000000
MALIGNANT 1347.000000 2527.000000 1607.000000 2787.000000
MALIGNANT 1467.000000 2500.000000 1727.000000 2760.000000
MALIGNANT 974.000000 2400.000000 1234.000000 2660.000000
MALIGNANT 967.000000 2500.000000 1227.000000 2760.000000
