MALIGNANT 1214.000000 2214.000000 1474.000000 2474.000000
MALIGNANT 1414.000000 2240.000000 1674.000000 2500.000000
MALIGNANT 1560.000000 2314.000000 1820.000000 2574.000000
MALIGNANT 1074.000000 2327.000000 1334.000000 2587.000000
MALIGNANT 980.000000 2460.000000 1240.000000 2720.000000
MALIGNANT 1000.000000 2667.000000 1260.000000 2927.000000
MALIGNANT 1154.000000 2774.000000 1414.000000 3034.000000
MALIGNANT 1347.000000 2827.000000 1607.000000 3087.000000
MALIGNANT 1334.000000 2427.000000 1594.000000 2687.000000
MALIGNANT 1174.000000 2547.000000 1434.000000 2807.000000
MALIGNANT 1367.000000 2674.000000 1627.000000 2934.000000
MALIGNANT 1547.000000 2487.000000 1807.000000 2747.000000
MALIGNANT 1647.000000 2420.000000 1907.000000 2680.000000
MALIGNANT 1654.000000 2614.000000 1914.000000 2874.000000
MALIGNANT 1560.000000 2780.000000 1820.000000 3040.000000
