GOOD 1727.000000 1254.000000 1987.000000 1514.000000
GOOD 2034.000000 1827.000000 2294.000000 2087.000000
GOOD 2074.000000 3447.000000 2334.000000 3707.000000
GOOD 1947.000000 3067.000000 2207.000000 3327.000000
GOOD 1967.000000 2754.000000 2227.000000 3014.000000
GOOD 1947.000000 2347.000000 2207.000000 2607.000000
GOOD 1887.000000 2094.000000 2147.000000 2354.000000
GOOD 1967.000000 1487.000000 2227.000000 1747.000000
GOOD 2060.000000 1074.000000 2320.000000 1334.000000
GOOD 1734.000000 3514.000000 1994.000000 3774.000000
