GOOD 2587.000000 320.000000 2847.000000 580.000000
GOOD 2860.000000 494.000000 3120.000000 754.000000
GOOD 2820.000000 780.000000 3080.000000 1040.000000
GOOD 2734.000000 1207.000000 2994.000000 1467.000000
GOOD 2820.000000 1460.000000 3080.000000 1720.000000
GOOD 2714.000000 1754.000000 2974.000000 2014.000000
GOOD 2754.000000 2007.000000 3014.000000 2267.000000
GOOD 2687.000000 2294.000000 2947.000000 2554.000000
GOOD 2700.000000 2487.000000 2960.000000 2747.000000
GOOD 2714.000000 2734.000000 2974.000000 2994.000000
GOOD 2707.000000 3067.000000 2967.000000 3327.000000
GOOD 2687.000000 3374.000000 2947.000000 3634.000000
GOOD 2780.000000 3694.000000 3040.000000 3954.000000
GOOD 2687.000000 4060.000000 2947.000000 4320.000000
GOOD 2760.000000 4354.000000 3020.000000 4614.000000
GOOD 2487.000000 4400.000000 2747.000000 4660.000000
GOOD 2067.000000 4140.000000 2327.000000 4400.000000
GOOD 1780.000000 3927.000000 2040.000000 4187.000000
GOOD 1547.000000 3820.000000 1807.000000 4080.000000
GOOD 1220.000000 3620.000000 1480.000000 3880.000000
GOOD 1000.000000 3367.000000 1260.000000 3627.000000
GOOD 807.000000 3107.000000 1067.000000 3367.000000
GOOD 794.000000 2747.000000 1054.000000 3007.000000
GOOD 714.000000 2420.000000 974.000000 2680.000000
GOOD 800.000000 2107.000000 1060.000000 2367.000000
GOOD 927.000000 1787.000000 1187.000000 2047.000000
GOOD 1327.000000 1514.000000 1587.000000 1774.000000
GOOD 1567.000000 1327.000000 1827.000000 1587.000000
GOOD 1840.000000 1107.000000 2100.000000 1367.000000
GOOD 1974.000000 854.000000 2234.000000 1114.000000
GOOD 2114.000000 680.000000 2374.000000 940.000000
GOOD 2334.000000 440.000000 2594.000000 700.000000
GOOD 2447.000000 687.000000 2707.000000 947.000000
GOOD 2474.000000 954.000000 2734.000000 1214.000000
GOOD 2354.000000 1334.000000 2614.000000 1594.000000
GOOD 2374.000000 1754.000000 2634.000000 2014.000000
GOOD 2367.000000 2194.000000 2627.000000 2454.000000
GOOD 2407.000000 2474.000000 2667.000000 2734.000000
GOOD 2294.000000 2814.000000 2554.000000 3074.000000
GOOD 2354.000000 3074.000000 2614.000000 3334.000000
GOOD 2327.000000 3420.000000 2587.000000 3680.000000
GOOD 2460.000000 3600.000000 2720.000000 3860.000000
GOOD 2367.000000 3894.000000 2627.000000 4154.000000
GOOD 2167.000000 3740.000000 2427.000000 4000.000000
GOOD 1834.000000 3600.000000 2094.000000 3860.000000
GOOD 1587.000000 3440.000000 1847.000000 3700.000000
GOOD 1340.000000 3307.000000 1600.000000 3567.000000
GOOD 1200.000000 3080.000000 1460.000000 3340.000000
GOOD 1054.000000 2860.000000 1314.000000 3120.000000
GOOD 1100.000000 2520.000000 1360.000000 2780.000000
GOOD 1074.000000 2267.000000 1334.000000 2527.000000
GOOD 1167.000000 1967.000000 1427.000000 2227.000000
GOOD 1434.000000 2067.000000 1694.000000 2327.000000
GOOD 1394.000000 2494.000000 1654.000000 2754.000000
GOOD 1720.000000 2240.000000 1980.000000 2500.000000
GOOD 1794.000000 1960.000000 2054.000000 2220.000000
GOOD 2034.000000 1980.000000 2294.000000 2240.000000
GOOD 2054.000000 1647.000000 2314.000000 1907.000000
GOOD 2014.000000 1320.000000 2274.000000 1580.000000
GOOD 2060.000000 2300.000000 2320.000000 2560.000000
GOOD 1934.000000 2694.000000 2194.000000 2954.000000
GOOD 2000.000000 3034.000000 2260.000000 3294.000000
GOOD 2074.000000 3314.000000 2334.000000 3574.000000
GOOD 1840.000000 3054.000000 2100.000000 3314.000000
GOOD 1500.000000 2960.000000 1760.000000 3220.000000
GOOD 1534.000000 2707.000000 1794.000000 2967.000000
