MALIGNANT 1567.000000 2020.000000 1827.000000 2280.000000
MALIGNANT 1427.000000 2200.000000 1687.000000 2460.000000
MALIGNANT 1234.000000 2320.000000 1494.000000 2580.000000
MALIGNANT 1267.000000 2487.000000 1527.000000 2747.000000
MALIGNANT 1354.000000 2640.000000 1614.000000 2900.000000
MALIGNANT 1440.000000 2794.000000 1700.000000 3054.000000
MALIGNANT 1667.000000 2787.000000 1927.000000 3047.000000
MALIGNANT 1820.000000 2720.000000 2080.000000 2980.000000
MALIGNANT 1867.000000 2607.000000 2127.000000 2867.000000
MALIGNANT 1847.000000 2427.000000 2107.000000 2687.000000
MALIGNANT 1800.000000 2260.000000 2060.000000 2520.000000
MALIGNANT 1654.000000 2114.000000 1914.000000 2374.000000
MALIGNANT 1347.000000 2127.000000 1607.000000 2387.000000
MALIGNANT 1574.000000 2354.000000 1834.000000 2614.000000
MALIGNANT 1360.000000 2434.000000 1620.000000 2694.000000
MALIGNANT 1514.000000 2654.000000 1774.000000 2914.000000
MALIGNANT 1707.000000 2527.000000 1967.000000 2787.000000
MALIGNANT 1540.000000 2727.000000 1800.000000 2987.000000
MALIGNANT 1674.000000 2440.000000 1934.000000 2700.000000
MALIGNANT 1554.000000 2200.000000 1814.000000 2460.000000
MALIGNANT 1740.000000 2314.000000 2000.000000 2574.000000
MALIGNANT 1754.000000 2640.000000 2014.000000 2900.000000
