MALIGNANT 540.000000 1627.000000 800.000000 1887.000000
MALIGNANT 454.000000 1774.000000 714.000000 2034.000000
MALIGNANT 394.000000 1840.000000 654.000000 2100.000000
MALIGNANT 360.000000 1974.000000 620.000000 2234.000000
MALIGNANT 414.000000 2174.000000 674.000000 2434.000000
MALIGNANT 527.000000 2354.000000 787.000000 2614.000000
MALIGNANT 634.000000 2427.000000 894.000000 2687.000000
MALIGNANT 787.000000 2500.000000 1047.000000 2760.000000
MALIGNANT 727.000000 1654.000000 987.000000 1914.000000
MALIGNANT 654.000000 1867.000000 914.000000 2127.000000
MALIGNANT 594.000000 2060.000000 854.000000 2320.000000
MALIGNANT 627.000000 2274.000000 887.000000 2534.000000
MALIGNANT 807.000000 2380.000000 1067.000000 2640.000000
MALIGNANT 887.000000 2194.000000 1147.000000 2454.000000
MALIGNANT 774.000000 2054.000000 1034.000000 2314.000000
MALIGNANT 894.000000 1694.000000 1154.000000 1954.000000
MALIGNANT 854.000000 1874.000000 1114.000000 2134.000000
MALIGNANT 1080.000000 1814.000000 1340.000000 2074.000000
MALIGNANT 1014.000000 2007.000000 1274.000000 2267.000000
MALIGNANT 1247.000000 1954.000000 1507.000000 2214.000000
MALIGNANT 1367.000000 2094.000000 1627.000000 2354.000000
MALIGNANT 1167.000000 2127.000000 1427.000000 2387.000000
MALIGNANT 1020.000000 2280.000000 1280.000000 2540.000000
MALIGNANT 927.000000 2560.000000 1187.000000 2820.000000
MALIGNANT 1100.000000 2447.000000 1360.000000 2707.000000
MALIGNANT 1167.000000 2580.000000 1427.000000 2840.000000
MALIGNANT 1347.000000 2460.000000 1607.000000 2720.000000
MALIGNANT 1220.000000 2300.000000 1480.000000 2560.000000
MALIGNANT 1407.000000 2274.000000 1667.000000 2534.000000
MALIGNANT 1500.000000 2240.000000 1760.000000 2500.000000
