MALIGNANT 547.000000 1807.000000 807.000000 2067.000000
MALIGNANT 474.000000 1834.000000 734.000000 2094.000000
MALIGNANT 540.000000 1767.000000 800.000000 2027.000000
MALIGNANT 400.000000 1694.000000 660.000000 1954.000000
MALIGNANT 620.000000 1827.000000 880.000000 2087.000000
MALIGNANT 394.000000 2314.000000 654.000000 2574.000000
MALIGNANT 427.000000 2354.000000 687.000000 2614.000000
MALIGNANT 367.000000 2300.000000 627.000000 2560.000000
MALIGNANT 520.000000 2227.000000 780.000000 2487.000000
MALIGNANT 314.000000 2380.000000 574.000000 2640.000000
MALIGNANT 487.000000 2407.000000 747.000000 2667.000000
MALIGNANT 687.000000 1727.000000 947.000000 1987.000000
