GOOD 774.000000 2220.000000 1034.000000 2480.000000
GOOD 1147.000000 2280.000000 1407.000000 2540.000000
GOOD 1340.000000 2567.000000 1600.000000 2827.000000
GOOD 1514.000000 2900.000000 1774.000000 3160.000000
GOOD 1354.000000 3120.000000 1614.000000 3380.000000
GOOD 1054.000000 3080.000000 1314.000000 3340.000000
GOOD 707.000000 3020.000000 967.000000 3280.000000
GOOD 647.000000 2734.000000 907.000000 2994.000000
GOOD 594.000000 3427.000000 854.000000 3687.000000
GOOD 434.000000 3727.000000 694.000000 3987.000000
GOOD 740.000000 3707.000000 1000.000000 3967.000000
GOOD 1054.000000 3574.000000 1314.000000 3834.000000
GOOD 854.000000 3347.000000 1114.000000 3607.000000
GOOD 1300.000000 3414.000000 1560.000000 3674.000000
GOOD 487.000000 2120.000000 747.000000 2380.000000
GOOD 114.000000 2174.000000 374.000000 2434.000000
GOOD 87.000000 2500.000000 347.000000 2760.000000
GOOD 74.000000 2834.000000 334.000000 3094.000000
GOOD 54.000000 3200.000000 314.000000 3460.000000
GOOD 54.000000 3200.000000 314.000000 3460.000000
GOOD 374.000000 2774.000000 634.000000 3034.000000
GOOD 394.000000 3094.000000 654.000000 3354.000000
GOOD 120.000000 1814.000000 380.000000 2074.000000
GOOD 80.000000 1527.000000 340.000000 1787.000000
GOOD 87.000000 1267.000000 347.000000 1527.000000
GOOD 127.000000 1040.000000 387.000000 1300.000000
GOOD 107.000000 727.000000 367.000000 987.000000
GOOD 94.000000 427.000000 354.000000 687.000000
GOOD 340.000000 567.000000 600.000000 827.000000
GOOD 527.000000 694.000000 787.000000 954.000000
GOOD 694.000000 834.000000 954.000000 1094.000000
GOOD 907.000000 1060.000000 1167.000000 1320.000000
GOOD 1140.000000 1267.000000 1400.000000 1527.000000
GOOD 1334.000000 1540.000000 1594.000000 1800.000000
GOOD 1534.000000 1774.000000 1794.000000 2034.000000
GOOD 1700.000000 2040.000000 1960.000000 2300.000000
GOOD 1740.000000 2254.000000 2000.000000 2514.000000
GOOD 1674.000000 2507.000000 1934.000000 2767.000000
GOOD 1380.000000 2207.000000 1640.000000 2467.000000
GOOD 1187.000000 1920.000000 1447.000000 2180.000000
GOOD 1054.000000 1620.000000 1314.000000 1880.000000
GOOD 787.000000 1347.000000 1047.000000 1607.000000
GOOD 494.000000 1120.000000 754.000000 1380.000000
GOOD 414.000000 1407.000000 674.000000 1667.000000
GOOD 414.000000 1694.000000 674.000000 1954.000000
GOOD 740.000000 1827.000000 1000.000000 2087.000000
GOOD 740.000000 1587.000000 1000.000000 1847.000000
GOOD 947.000000 1954.000000 1207.000000 2214.000000
