GOOD 134.000000 1740.000000 394.000000 2000.000000
GOOD 134.000000 2027.000000 394.000000 2287.000000
GOOD 374.000000 2167.000000 634.000000 2427.000000
GOOD 700.000000 2067.000000 960.000000 2327.000000
GOOD 887.000000 1787.000000 1147.000000 2047.000000
GOOD 787.000000 1540.000000 1047.000000 1800.000000
GOOD 527.000000 1414.000000 787.000000 1674.000000
GOOD 200.000000 1380.000000 460.000000 1640.000000
GOOD 174.000000 1107.000000 434.000000 1367.000000
GOOD 134.000000 927.000000 394.000000 1187.000000
GOOD 94.000000 627.000000 354.000000 887.000000
GOOD 147.000000 354.000000 407.000000 614.000000
GOOD 380.000000 520.000000 640.000000 780.000000
GOOD 460.000000 740.000000 720.000000 1000.000000
GOOD 660.000000 1034.000000 920.000000 1294.000000
GOOD 900.000000 1220.000000 1160.000000 1480.000000
GOOD 1087.000000 1534.000000 1347.000000 1794.000000
GOOD 1254.000000 1794.000000 1514.000000 2054.000000
GOOD 1307.000000 2080.000000 1567.000000 2340.000000
GOOD 1387.000000 2354.000000 1647.000000 2614.000000
GOOD 1347.000000 2640.000000 1607.000000 2900.000000
GOOD 1187.000000 2914.000000 1447.000000 3174.000000
GOOD 987.000000 3134.000000 1247.000000 3394.000000
GOOD 787.000000 3300.000000 1047.000000 3560.000000
GOOD 527.000000 3454.000000 787.000000 3714.000000
GOOD 254.000000 3587.000000 514.000000 3847.000000
GOOD 34.000000 3614.000000 294.000000 3874.000000
GOOD 60.000000 3274.000000 320.000000 3534.000000
GOOD 307.000000 3200.000000 567.000000 3460.000000
GOOD 580.000000 3027.000000 840.000000 3287.000000
GOOD 840.000000 2854.000000 1100.000000 3114.000000
GOOD 1080.000000 2594.000000 1340.000000 2854.000000
GOOD 1054.000000 2307.000000 1314.000000 2567.000000
GOOD 747.000000 2374.000000 1007.000000 2634.000000
GOOD 620.000000 2640.000000 880.000000 2900.000000
GOOD 407.000000 2534.000000 667.000000 2794.000000
GOOD 347.000000 2847.000000 607.000000 3107.000000
GOOD 74.000000 2887.000000 334.000000 3147.000000
GOOD 94.000000 2540.000000 354.000000 2800.000000
GOOD 200.000000 2327.000000 460.000000 2587.000000
