MALIGNANT 47.000000 2734.000000 307.000000 2994.000000
MALIGNANT 47.000000 2974.000000 307.000000 3234.000000
MALIGNANT 54.000000 3214.000000 314.000000 3474.000000
MALIGNANT 54.000000 3440.000000 314.000000 3700.000000
MALIGNANT 54.000000 3667.000000 314.000000 3927.000000
MALIGNANT 47.000000 3894.000000 307.000000 4154.000000
MALIGNANT 147.000000 2660.000000 407.000000 2920.000000
MALIGNANT 314.000000 2587.000000 574.000000 2847.000000
MALIGNANT 527.000000 2554.000000 787.000000 2814.000000
MALIGNANT 674.000000 2600.000000 934.000000 2860.000000
MALIGNANT 807.000000 2647.000000 1067.000000 2907.000000
MALIGNANT 814.000000 2907.000000 1074.000000 3167.000000
MALIGNANT 820.000000 3127.000000 1080.000000 3387.000000
MALIGNANT 614.000000 2767.000000 874.000000 3027.000000
MALIGNANT 394.000000 2780.000000 654.000000 3040.000000
MALIGNANT 154.000000 2867.000000 414.000000 3127.000000
MALIGNANT 134.000000 3147.000000 394.000000 3407.000000
MALIGNANT 367.000000 3040.000000 627.000000 3300.000000
MALIGNANT 460.000000 2947.000000 720.000000 3207.000000
MALIGNANT 700.000000 3020.000000 960.000000 3280.000000
MALIGNANT 327.000000 3227.000000 587.000000 3487.000000
MALIGNANT 567.000000 3160.000000 827.000000 3420.000000
MALIGNANT 734.000000 3247.000000 994.000000 3507.000000
MALIGNANT 654.000000 3360.000000 914.000000 3620.000000
MALIGNANT 194.000000 3354.000000 454.000000 3614.000000
MALIGNANT 454.000000 3294.000000 714.000000 3554.000000
MALIGNANT 554.000000 3480.000000 814.000000 3740.000000
MALIGNANT 200.000000 3554.000000 460.000000 3814.000000
MALIGNANT 374.000000 3454.000000 634.000000 3714.000000
MALIGNANT 447.000000 3574.000000 707.000000 3834.000000
MALIGNANT 180.000000 3687.000000 440.000000 3947.000000
MALIGNANT 360.000000 3694.000000 620.000000 3954.000000
MALIGNANT 220.000000 3834.000000 480.000000 4094.000000
MALIGNANT 87.000000 3800.000000 347.000000 4060.000000
MALIGNANT 114.000000 3507.000000 374.000000 3767.000000
MALIGNANT 414.000000 2840.000000 674.000000 3100.000000
