GOOD 234.000000 2614.000000 494.000000 2874.000000
GOOD 234.000000 1940.000000 494.000000 2200.000000
GOOD 54.000000 2334.000000 314.000000 2594.000000
GOOD 380.000000 2167.000000 640.000000 2427.000000
GOOD 87.000000 2114.000000 347.000000 2374.000000
GOOD 120.000000 1660.000000 380.000000 1920.000000
GOOD 467.000000 1734.000000 727.000000 1994.000000
GOOD 194.000000 1414.000000 454.000000 1674.000000
GOOD 714.000000 1400.000000 974.000000 1660.000000
GOOD 520.000000 1534.000000 780.000000 1794.000000
GOOD 334.000000 1294.000000 594.000000 1554.000000
GOOD 420.000000 2394.000000 680.000000 2654.000000
GOOD 74.000000 2767.000000 334.000000 3027.000000
GOOD 314.000000 3254.000000 574.000000 3514.000000
GOOD 614.000000 2874.000000 874.000000 3134.000000
GOOD 674.000000 3194.000000 934.000000 3454.000000
GOOD 227.000000 3040.000000 487.000000 3300.000000
