MALIGNANT 3200.000000 1687.000000 3460.000000 1947.000000
MALIGNANT 3060.000000 1820.000000 3320.000000 2080.000000
MALIGNANT 2934.000000 1927.000000 3194.000000 2187.000000
MALIGNANT 2907.000000 2100.000000 3167.000000 2360.000000
MALIGNANT 2834.000000 2174.000000 3094.000000 2434.000000
MALIGNANT 2740.000000 2347.000000 3000.000000 2607.000000
MALIGNANT 2654.000000 2534.000000 2914.000000 2794.000000
MALIGNANT 2540.000000 2647.000000 2800.000000 2907.000000
MALIGNANT 2534.000000 2887.000000 2794.000000 3147.000000
MALIGNANT 2487.000000 3014.000000 2747.000000 3274.000000
MALIGNANT 2520.000000 3247.000000 2780.000000 3507.000000
MALIGNANT 2614.000000 3434.000000 2874.000000 3694.000000
MALIGNANT 2714.000000 3600.000000 2974.000000 3860.000000
MALIGNANT 2854.000000 3734.000000 3114.000000 3994.000000
MALIGNANT 2920.000000 3594.000000 3180.000000 3854.000000
MALIGNANT 2960.000000 3360.000000 3220.000000 3620.000000
MALIGNANT 2747.000000 3374.000000 3007.000000 3634.000000
MALIGNANT 2687.000000 3147.000000 2947.000000 3407.000000
MALIGNANT 2707.000000 2927.000000 2967.000000 3187.000000
MALIGNANT 2780.000000 2720.000000 3040.000000 2980.000000
MALIGNANT 2880.000000 2527.000000 3140.000000 2787.000000
MALIGNANT 2980.000000 2327.000000 3240.000000 2587.000000
MALIGNANT 3140.000000 2147.000000 3400.000000 2407.000000
MALIGNANT 3180.000000 2034.000000 3440.000000 2294.000000
MALIGNANT 3340.000000 1860.000000 3600.000000 2120.000000
MALIGNANT 3440.000000 1667.000000 3700.000000 1927.000000
MALIGNANT 3574.000000 1760.000000 3834.000000 2020.000000
MALIGNANT 3640.000000 1907.000000 3900.000000 2167.000000
MALIGNANT 3627.000000 2134.000000 3887.000000 2394.000000
MALIGNANT 3500.000000 1947.000000 3760.000000 2207.000000
MALIGNANT 3387.000000 2100.000000 3647.000000 2360.000000
MALIGNANT 3214.000000 2287.000000 3474.000000 2547.000000
MALIGNANT 3387.000000 2307.000000 3647.000000 2567.000000
MALIGNANT 3594.000000 2374.000000 3854.000000 2634.000000
MALIGNANT 3540.000000 2574.000000 3800.000000 2834.000000
MALIGNANT 3460.000000 2760.000000 3720.000000 3020.000000
MALIGNANT 3307.000000 2914.000000 3567.000000 3174.000000
MALIGNANT 3174.000000 3074.000000 3434.000000 3334.000000
MALIGNANT 3020.000000 3207.000000 3280.000000 3467.000000
MALIGNANT 2840.000000 3127.000000 3100.000000 3387.000000
MALIGNANT 2934.000000 2867.000000 3194.000000 3127.000000
MALIGNANT 3007.000000 3020.000000 3267.000000 3280.000000
MALIGNANT 2994.000000 2687.000000 3254.000000 2947.000000
MALIGNANT 3047.000000 2480.000000 3307.000000 2740.000000
MALIGNANT 3274.000000 2454.000000 3534.000000 2714.000000
MALIGNANT 3374.000000 2560.000000 3634.000000 2820.000000
MALIGNANT 3207.000000 2687.000000 3467.000000 2947.000000
