MALIGNANT 374.000000 2907.000000 634.000000 3167.000000
MALIGNANT 554.000000 2800.000000 814.000000 3060.000000
MALIGNANT 667.000000 2594.000000 927.000000 2854.000000
MALIGNANT 707.000000 2400.000000 967.000000 2660.000000
MALIGNANT 674.000000 2287.000000 934.000000 2547.000000
MALIGNANT 480.000000 2254.000000 740.000000 2514.000000
MALIGNANT 300.000000 2267.000000 560.000000 2527.000000
MALIGNANT 140.000000 2407.000000 400.000000 2667.000000
MALIGNANT 160.000000 2627.000000 420.000000 2887.000000
MALIGNANT 174.000000 2840.000000 434.000000 3100.000000
MALIGNANT 287.000000 2874.000000 547.000000 3134.000000
MALIGNANT 407.000000 2667.000000 667.000000 2927.000000
MALIGNANT 287.000000 2474.000000 547.000000 2734.000000
MALIGNANT 520.000000 2480.000000 780.000000 2740.000000
MALIGNANT 327.000000 2674.000000 587.000000 2934.000000
MALIGNANT 434.000000 2587.000000 694.000000 2847.000000
MALIGNANT 260.000000 2514.000000 520.000000 2774.000000
MALIGNANT 527.000000 2347.000000 787.000000 2607.000000
MALIGNANT 487.000000 2740.000000 747.000000 3000.000000
MALIGNANT 394.000000 2307.000000 654.000000 2567.000000
