MALIGNANT 207.000000 2980.000000 467.000000 3240.000000
MALIGNANT 154.000000 2900.000000 414.000000 3160.000000
MALIGNANT 87.000000 2807.000000 347.000000 3067.000000
MALIGNANT 87.000000 2607.000000 347.000000 2867.000000
MALIGNANT 120.000000 2414.000000 380.000000 2674.000000
MALIGNANT 194.000000 2274.000000 454.000000 2534.000000
MALIGNANT 247.000000 2094.000000 507.000000 2354.000000
MALIGNANT 327.000000 1900.000000 587.000000 2160.000000
MALIGNANT 407.000000 1767.000000 667.000000 2027.000000
MALIGNANT 480.000000 1647.000000 740.000000 1907.000000
MALIGNANT 574.000000 1574.000000 834.000000 1834.000000
MALIGNANT 754.000000 1574.000000 1014.000000 1834.000000
MALIGNANT 960.000000 1567.000000 1220.000000 1827.000000
MALIGNANT 1034.000000 1600.000000 1294.000000 1860.000000
MALIGNANT 1154.000000 1674.000000 1414.000000 1934.000000
MALIGNANT 1247.000000 1727.000000 1507.000000 1987.000000
MALIGNANT 1334.000000 1820.000000 1594.000000 2080.000000
MALIGNANT 1400.000000 1954.000000 1660.000000 2214.000000
MALIGNANT 1474.000000 2047.000000 1734.000000 2307.000000
MALIGNANT 1474.000000 2274.000000 1734.000000 2534.000000
MALIGNANT 1434.000000 2494.000000 1694.000000 2754.000000
MALIGNANT 1380.000000 2667.000000 1640.000000 2927.000000
MALIGNANT 1260.000000 2747.000000 1520.000000 3007.000000
MALIGNANT 1094.000000 2834.000000 1354.000000 3094.000000
MALIGNANT 907.000000 2920.000000 1167.000000 3180.000000
MALIGNANT 654.000000 2980.000000 914.000000 3240.000000
MALIGNANT 427.000000 3007.000000 687.000000 3267.000000
MALIGNANT 474.000000 2907.000000 734.000000 3167.000000
MALIGNANT 340.000000 2747.000000 600.000000 3007.000000
MALIGNANT 234.000000 2600.000000 494.000000 2860.000000
MALIGNANT 320.000000 2400.000000 580.000000 2660.000000
MALIGNANT 414.000000 2207.000000 674.000000 2467.000000
MALIGNANT 447.000000 2047.000000 707.000000 2307.000000
MALIGNANT 554.000000 1914.000000 814.000000 2174.000000
MALIGNANT 740.000000 1747.000000 1000.000000 2007.000000
MALIGNANT 980.000000 1834.000000 1240.000000 2094.000000
MALIGNANT 1114.000000 1947.000000 1374.000000 2207.000000
MALIGNANT 1207.000000 2154.000000 1467.000000 2414.000000
MALIGNANT 1394.000000 2347.000000 1654.000000 2607.000000
MALIGNANT 1207.000000 2534.000000 1467.000000 2794.000000
MALIGNANT 1074.000000 2314.000000 1334.000000 2574.000000
MALIGNANT 934.000000 2087.000000 1194.000000 2347.000000
MALIGNANT 774.000000 1960.000000 1034.000000 2220.000000
MALIGNANT 567.000000 2194.000000 827.000000 2454.000000
MALIGNANT 754.000000 2234.000000 1014.000000 2494.000000
MALIGNANT 900.000000 2427.000000 1160.000000 2687.000000
MALIGNANT 480.000000 2447.000000 740.000000 2707.000000
MALIGNANT 687.000000 2547.000000 947.000000 2807.000000
MALIGNANT 900.000000 2680.000000 1160.000000 2940.000000
MALIGNANT 1034.000000 2540.000000 1294.000000 2800.000000
MALIGNANT 654.000000 2747.000000 914.000000 3007.000000
MALIGNANT 507.000000 2574.000000 767.000000 2834.000000
MALIGNANT 1127.000000 2687.000000 1387.000000 2947.000000
MALIGNANT 794.000000 2840.000000 1054.000000 3100.000000
MALIGNANT 580.000000 2540.000000 840.000000 2800.000000
MALIGNANT 860.000000 2320.000000 1120.000000 2580.000000
MALIGNANT 800.000000 2047.000000 1060.000000 2307.000000
MALIGNANT 1127.000000 2180.000000 1387.000000 2440.000000
MALIGNANT 1400.000000 2140.000000 1660.000000 2400.000000
MALIGNANT 1007.000000 1860.000000 1267.000000 2120.000000
MALIGNANT 700.000000 1774.000000 960.000000 2034.000000
MALIGNANT 700.000000 2334.000000 960.000000 2594.000000
MALIGNANT 474.000000 2854.000000 734.000000 3114.000000
MALIGNANT 320.000000 2900.000000 580.000000 3160.000000
MALIGNANT 640.000000 1667.000000 900.000000 1927.000000
MALIGNANT 747.000000 2894.000000 1007.000000 3154.000000
