MALIGNANT 1800.000000 1914.000000 2060.000000 2174.000000
MALIGNANT 1614.000000 1907.000000 1874.000000 2167.000000
MALIGNANT 1620.000000 1687.000000 1880.000000 1947.000000
MALIGNANT 1647.000000 1534.000000 1907.000000 1794.000000
MALIGNANT 1720.000000 1427.000000 1980.000000 1687.000000
MALIGNANT 1767.000000 1320.000000 2027.000000 1580.000000
MALIGNANT 1860.000000 1240.000000 2120.000000 1500.000000
MALIGNANT 2034.000000 1220.000000 2294.000000 1480.000000
MALIGNANT 2100.000000 1340.000000 2360.000000 1600.000000
MALIGNANT 2174.000000 1407.000000 2434.000000 1667.000000
MALIGNANT 2140.000000 1620.000000 2400.000000 1880.000000
MALIGNANT 1980.000000 1687.000000 2240.000000 1947.000000
MALIGNANT 1754.000000 1854.000000 2014.000000 2114.000000
MALIGNANT 1734.000000 1700.000000 1994.000000 1960.000000
MALIGNANT 1854.000000 1574.000000 2114.000000 1834.000000
MALIGNANT 2007.000000 1540.000000 2267.000000 1800.000000
MALIGNANT 1940.000000 1360.000000 2200.000000 1620.000000
MALIGNANT 2094.000000 1474.000000 2354.000000 1734.000000
MALIGNANT 1820.000000 1820.000000 2080.000000 2080.000000
MALIGNANT 1667.000000 1827.000000 1927.000000 2087.000000
MALIGNANT 1967.000000 1267.000000 2227.000000 1527.000000
