MALIGNANT 1794.000000 1320.000000 2054.000000 1580.000000
MALIGNANT 1800.000000 1520.000000 2060.000000 1780.000000
MALIGNANT 1667.000000 1540.000000 1927.000000 1800.000000
MALIGNANT 1440.000000 1560.000000 1700.000000 1820.000000
MALIGNANT 1274.000000 1580.000000 1534.000000 1840.000000
MALIGNANT 1154.000000 1620.000000 1414.000000 1880.000000
MALIGNANT 1347.000000 1474.000000 1607.000000 1734.000000
MALIGNANT 1567.000000 1327.000000 1827.000000 1587.000000
MALIGNANT 1760.000000 1380.000000 2020.000000 1640.000000
MALIGNANT 1487.000000 1494.000000 1747.000000 1754.000000
MALIGNANT 1640.000000 1400.000000 1900.000000 1660.000000
