MALIGNANT 1007.000000 2300.000000 1267.000000 2560.000000
MALIGNANT 820.000000 2287.000000 1080.000000 2547.000000
MALIGNANT 607.000000 2314.000000 867.000000 2574.000000
MALIGNANT 447.000000 2340.000000 707.000000 2600.000000
MALIGNANT 400.000000 2554.000000 660.000000 2814.000000
MALIGNANT 427.000000 2767.000000 687.000000 3027.000000
MALIGNANT 487.000000 2974.000000 747.000000 3234.000000
MALIGNANT 627.000000 3100.000000 887.000000 3360.000000
MALIGNANT 760.000000 3034.000000 1020.000000 3294.000000
MALIGNANT 807.000000 2887.000000 1067.000000 3147.000000
MALIGNANT 867.000000 2767.000000 1127.000000 3027.000000
MALIGNANT 940.000000 2627.000000 1200.000000 2887.000000
MALIGNANT 1007.000000 2487.000000 1267.000000 2747.000000
MALIGNANT 840.000000 2494.000000 1100.000000 2754.000000
MALIGNANT 574.000000 2514.000000 834.000000 2774.000000
MALIGNANT 767.000000 2674.000000 1027.000000 2934.000000
MALIGNANT 607.000000 2754.000000 867.000000 3014.000000
MALIGNANT 794.000000 2560.000000 1054.000000 2820.000000
MALIGNANT 987.000000 2414.000000 1247.000000 2674.000000
MALIGNANT 514.000000 2820.000000 774.000000 3080.000000
