MALIGNANT 2487.000000 1000.000000 2747.000000 1260.000000
MALIGNANT 2494.000000 1214.000000 2754.000000 1474.000000
MALIGNANT 2494.000000 1427.000000 2754.000000 1687.000000
MALIGNANT 2500.000000 1634.000000 2760.000000 1894.000000
MALIGNANT 2494.000000 1767.000000 2754.000000 2027.000000
MALIGNANT 2254.000000 940.000000 2514.000000 1200.000000
MALIGNANT 2054.000000 1027.000000 2314.000000 1287.000000
MALIGNANT 1900.000000 1200.000000 2160.000000 1460.000000
MALIGNANT 1767.000000 1407.000000 2027.000000 1667.000000
MALIGNANT 1780.000000 1654.000000 2040.000000 1914.000000
MALIGNANT 2040.000000 1460.000000 2300.000000 1720.000000
MALIGNANT 2220.000000 1200.000000 2480.000000 1460.000000
MALIGNANT 2060.000000 1314.000000 2320.000000 1574.000000
MALIGNANT 2287.000000 1387.000000 2547.000000 1647.000000
MALIGNANT 2047.000000 1554.000000 2307.000000 1814.000000
MALIGNANT 1867.000000 1627.000000 2127.000000 1887.000000
MALIGNANT 1954.000000 1314.000000 2214.000000 1574.000000
MALIGNANT 2260.000000 1614.000000 2520.000000 1874.000000
MALIGNANT 2040.000000 1814.000000 2300.000000 2074.000000
MALIGNANT 1934.000000 1874.000000 2194.000000 2134.000000
MALIGNANT 2267.000000 1840.000000 2527.000000 2100.000000
MALIGNANT 2334.000000 2060.000000 2594.000000 2320.000000
MALIGNANT 2287.000000 2254.000000 2547.000000 2514.000000
MALIGNANT 2194.000000 2427.000000 2454.000000 2687.000000
MALIGNANT 2060.000000 2487.000000 2320.000000 2747.000000
MALIGNANT 1874.000000 2527.000000 2134.000000 2787.000000
MALIGNANT 1720.000000 2454.000000 1980.000000 2714.000000
MALIGNANT 1787.000000 2334.000000 2047.000000 2594.000000
MALIGNANT 1847.000000 2200.000000 2107.000000 2460.000000
MALIGNANT 2034.000000 2080.000000 2294.000000 2340.000000
MALIGNANT 2100.000000 2134.000000 2360.000000 2394.000000
MALIGNANT 1954.000000 2320.000000 2214.000000 2580.000000
MALIGNANT 2367.000000 1707.000000 2627.000000 1967.000000
MALIGNANT 2360.000000 1274.000000 2620.000000 1534.000000
MALIGNANT 2014.000000 2047.000000 2274.000000 2307.000000
MALIGNANT 2460.000000 1327.000000 2720.000000 1587.000000
