GOOD 307.000000 3040.000000 567.000000 3300.000000
GOOD 754.000000 2954.000000 1014.000000 3214.000000
GOOD 1320.000000 2874.000000 1580.000000 3134.000000
GOOD 1034.000000 2760.000000 1294.000000 3020.000000
GOOD 1540.000000 2787.000000 1800.000000 3047.000000
GOOD 1967.000000 2787.000000 2227.000000 3047.000000
GOOD 1880.000000 2534.000000 2140.000000 2794.000000
GOOD 1827.000000 3014.000000 2087.000000 3274.000000
GOOD 1687.000000 3267.000000 1947.000000 3527.000000
GOOD 1474.000000 3614.000000 1734.000000 3874.000000
GOOD 360.000000 4207.000000 620.000000 4467.000000
GOOD 127.000000 4207.000000 387.000000 4467.000000
GOOD 694.000000 4080.000000 954.000000 4340.000000
GOOD 1007.000000 3920.000000 1267.000000 4180.000000
GOOD 1320.000000 3767.000000 1580.000000 4027.000000
GOOD 127.000000 4494.000000 387.000000 4754.000000
GOOD 154.000000 3354.000000 414.000000 3614.000000
GOOD 620.000000 3300.000000 880.000000 3560.000000
GOOD 234.000000 2554.000000 494.000000 2814.000000
GOOD 620.000000 2447.000000 880.000000 2707.000000
GOOD 927.000000 2420.000000 1187.000000 2680.000000
GOOD 1214.000000 2420.000000 1474.000000 2680.000000
GOOD 1474.000000 2374.000000 1734.000000 2634.000000
GOOD 1807.000000 2240.000000 2067.000000 2500.000000
GOOD 1547.000000 2034.000000 1807.000000 2294.000000
GOOD 1340.000000 1774.000000 1600.000000 2034.000000
GOOD 1134.000000 1540.000000 1394.000000 1800.000000
GOOD 827.000000 1334.000000 1087.000000 1594.000000
GOOD 567.000000 1074.000000 827.000000 1334.000000
GOOD 307.000000 894.000000 567.000000 1154.000000
GOOD 360.000000 1387.000000 620.000000 1647.000000
GOOD 540.000000 1440.000000 800.000000 1700.000000
GOOD 800.000000 1620.000000 1060.000000 1880.000000
GOOD 854.000000 1854.000000 1114.000000 2114.000000
GOOD 1160.000000 2034.000000 1420.000000 2294.000000
GOOD 514.000000 2034.000000 774.000000 2294.000000
GOOD 280.000000 1747.000000 540.000000 2007.000000
GOOD 207.000000 2160.000000 467.000000 2420.000000
