MALIGNANT 7.000000 4620.000000 267.000000 4880.000000
MALIGNANT 7.000000 4387.000000 267.000000 4647.000000
MALIGNANT 14.000000 4180.000000 274.000000 4440.000000
MALIGNANT 14.000000 3960.000000 274.000000 4220.000000
MALIGNANT 14.000000 3740.000000 274.000000 4000.000000
MALIGNANT 0.000000 3554.000000 260.000000 3814.000000
MALIGNANT 7.000000 3340.000000 267.000000 3600.000000
MALIGNANT 14.000000 3134.000000 274.000000 3394.000000
MALIGNANT 0.000000 3114.000000 254.000000 3374.000000
MALIGNANT 0.000000 2920.000000 254.000000 3180.000000
MALIGNANT 0.000000 2700.000000 260.000000 2960.000000
MALIGNANT 67.000000 2580.000000 327.000000 2840.000000
MALIGNANT 114.000000 4734.000000 374.000000 4994.000000
MALIGNANT 307.000000 4867.000000 567.000000 5127.000000
MALIGNANT 560.000000 4887.000000 820.000000 5147.000000
MALIGNANT 267.000000 4640.000000 527.000000 4900.000000
MALIGNANT 234.000000 4420.000000 494.000000 4680.000000
MALIGNANT 87.000000 4540.000000 347.000000 4800.000000
MALIGNANT 74.000000 4307.000000 334.000000 4567.000000
MALIGNANT 127.000000 4094.000000 387.000000 4354.000000
MALIGNANT 74.000000 3867.000000 334.000000 4127.000000
MALIGNANT 147.000000 3627.000000 407.000000 3887.000000
MALIGNANT 214.000000 3400.000000 474.000000 3660.000000
MALIGNANT 180.000000 3167.000000 440.000000 3427.000000
MALIGNANT 174.000000 2914.000000 434.000000 3174.000000
MALIGNANT 200.000000 2707.000000 460.000000 2967.000000
MALIGNANT 100.000000 2454.000000 360.000000 2714.000000
MALIGNANT 274.000000 2380.000000 534.000000 2640.000000
MALIGNANT 427.000000 2540.000000 687.000000 2800.000000
MALIGNANT 507.000000 2307.000000 767.000000 2567.000000
MALIGNANT 414.000000 2727.000000 674.000000 2987.000000
MALIGNANT 340.000000 2967.000000 600.000000 3227.000000
MALIGNANT 327.000000 3260.000000 587.000000 3520.000000
MALIGNANT 354.000000 3554.000000 614.000000 3814.000000
MALIGNANT 287.000000 3740.000000 547.000000 4000.000000
MALIGNANT 314.000000 3980.000000 574.000000 4240.000000
MALIGNANT 307.000000 4200.000000 567.000000 4460.000000
MALIGNANT 394.000000 4454.000000 654.000000 4714.000000
MALIGNANT 400.000000 4674.000000 660.000000 4934.000000
MALIGNANT 674.000000 4780.000000 934.000000 5040.000000
MALIGNANT 794.000000 4920.000000 1054.000000 5180.000000
MALIGNANT 1047.000000 4860.000000 1307.000000 5120.000000
MALIGNANT 1260.000000 4854.000000 1520.000000 5114.000000
MALIGNANT 1447.000000 4767.000000 1707.000000 5027.000000
MALIGNANT 1460.000000 4580.000000 1720.000000 4840.000000
MALIGNANT 1274.000000 4640.000000 1534.000000 4900.000000
MALIGNANT 1094.000000 4767.000000 1354.000000 5027.000000
MALIGNANT 874.000000 4740.000000 1134.000000 5000.000000
MALIGNANT 580.000000 4594.000000 840.000000 4854.000000
MALIGNANT 780.000000 4547.000000 1040.000000 4807.000000
MALIGNANT 547.000000 4387.000000 807.000000 4647.000000
MALIGNANT 487.000000 4120.000000 747.000000 4380.000000
MALIGNANT 480.000000 3854.000000 740.000000 4114.000000
MALIGNANT 554.000000 3647.000000 814.000000 3907.000000
MALIGNANT 540.000000 3374.000000 800.000000 3634.000000
MALIGNANT 480.000000 3034.000000 740.000000 3294.000000
MALIGNANT 640.000000 2714.000000 900.000000 2974.000000
MALIGNANT 734.000000 2254.000000 994.000000 2514.000000
MALIGNANT 654.000000 2487.000000 914.000000 2747.000000
MALIGNANT 620.000000 2887.000000 880.000000 3147.000000
MALIGNANT 607.000000 3194.000000 867.000000 3454.000000
MALIGNANT 814.000000 3034.000000 1074.000000 3294.000000
MALIGNANT 880.000000 2840.000000 1140.000000 3100.000000
MALIGNANT 880.000000 2614.000000 1140.000000 2874.000000
MALIGNANT 927.000000 2394.000000 1187.000000 2654.000000
MALIGNANT 914.000000 2160.000000 1174.000000 2420.000000
MALIGNANT 1094.000000 2087.000000 1354.000000 2347.000000
MALIGNANT 1360.000000 2020.000000 1620.000000 2280.000000
MALIGNANT 1540.000000 2014.000000 1800.000000 2274.000000
MALIGNANT 1774.000000 2040.000000 2034.000000 2300.000000
MALIGNANT 1994.000000 2047.000000 2254.000000 2307.000000
MALIGNANT 2300.000000 3547.000000 2560.000000 3807.000000
MALIGNANT 2227.000000 3740.000000 2487.000000 4000.000000
MALIGNANT 2127.000000 3920.000000 2387.000000 4180.000000
MALIGNANT 2027.000000 4094.000000 2287.000000 4354.000000
MALIGNANT 1920.000000 4294.000000 2180.000000 4554.000000
MALIGNANT 1714.000000 4487.000000 1974.000000 4747.000000
MALIGNANT 1567.000000 4634.000000 1827.000000 4894.000000
MALIGNANT 1054.000000 4567.000000 1314.000000 4827.000000
MALIGNANT 900.000000 4407.000000 1160.000000 4667.000000
MALIGNANT 700.000000 4307.000000 960.000000 4567.000000
MALIGNANT 687.000000 3967.000000 947.000000 4227.000000
MALIGNANT 854.000000 4140.000000 1114.000000 4400.000000
MALIGNANT 714.000000 3774.000000 974.000000 4034.000000
MALIGNANT 700.000000 3547.000000 960.000000 3807.000000
MALIGNANT 1174.000000 2254.000000 1434.000000 2514.000000
MALIGNANT 1414.000000 2240.000000 1674.000000 2500.000000
MALIGNANT 1647.000000 2194.000000 1907.000000 2454.000000
MALIGNANT 1087.000000 2480.000000 1347.000000 2740.000000
MALIGNANT 1074.000000 2720.000000 1334.000000 2980.000000
MALIGNANT 954.000000 3194.000000 1214.000000 3454.000000
MALIGNANT 774.000000 3347.000000 1034.000000 3607.000000
MALIGNANT 887.000000 3534.000000 1147.000000 3794.000000
MALIGNANT 847.000000 3754.000000 1107.000000 4014.000000
MALIGNANT 847.000000 3927.000000 1107.000000 4187.000000
MALIGNANT 974.000000 4260.000000 1234.000000 4520.000000
MALIGNANT 1160.000000 4467.000000 1420.000000 4727.000000
MALIGNANT 1354.000000 4414.000000 1614.000000 4674.000000
MALIGNANT 1534.000000 4374.000000 1794.000000 4634.000000
MALIGNANT 1714.000000 4254.000000 1974.000000 4514.000000
MALIGNANT 1834.000000 4027.000000 2094.000000 4287.000000
MALIGNANT 1960.000000 3827.000000 2220.000000 4087.000000
MALIGNANT 2107.000000 3607.000000 2367.000000 3867.000000
MALIGNANT 1627.000000 4027.000000 1887.000000 4287.000000
MALIGNANT 1447.000000 4207.000000 1707.000000 4467.000000
MALIGNANT 1234.000000 4240.000000 1494.000000 4500.000000
MALIGNANT 1107.000000 4074.000000 1367.000000 4334.000000
MALIGNANT 1094.000000 3847.000000 1354.000000 4107.000000
MALIGNANT 1087.000000 3627.000000 1347.000000 3887.000000
MALIGNANT 1047.000000 3367.000000 1307.000000 3627.000000
MALIGNANT 1000.000000 2967.000000 1260.000000 3227.000000
MALIGNANT 1167.000000 2620.000000 1427.000000 2880.000000
MALIGNANT 2187.000000 2080.000000 2447.000000 2340.000000
MALIGNANT 2380.000000 2054.000000 2640.000000 2314.000000
MALIGNANT 2520.000000 2234.000000 2780.000000 2494.000000
MALIGNANT 2540.000000 2434.000000 2800.000000 2694.000000
MALIGNANT 2520.000000 2640.000000 2780.000000 2900.000000
MALIGNANT 2487.000000 2834.000000 2747.000000 3094.000000
MALIGNANT 2487.000000 3047.000000 2747.000000 3307.000000
MALIGNANT 2500.000000 3200.000000 2760.000000 3460.000000
MALIGNANT 2387.000000 3360.000000 2647.000000 3620.000000
MALIGNANT 1387.000000 3374.000000 1647.000000 3634.000000
MALIGNANT 1207.000000 3494.000000 1467.000000 3754.000000
MALIGNANT 1227.000000 3274.000000 1487.000000 3534.000000
MALIGNANT 1240.000000 2907.000000 1500.000000 3167.000000
MALIGNANT 1380.000000 2454.000000 1640.000000 2714.000000
MALIGNANT 1580.000000 2347.000000 1840.000000 2607.000000
MALIGNANT 1787.000000 2267.000000 2047.000000 2527.000000
MALIGNANT 2000.000000 2234.000000 2260.000000 2494.000000
MALIGNANT 2260.000000 2254.000000 2520.000000 2514.000000
MALIGNANT 2434.000000 2307.000000 2694.000000 2567.000000
MALIGNANT 2354.000000 2520.000000 2614.000000 2780.000000
MALIGNANT 2107.000000 2400.000000 2367.000000 2660.000000
MALIGNANT 1914.000000 2514.000000 2174.000000 2774.000000
MALIGNANT 1460.000000 2527.000000 1720.000000 2787.000000
MALIGNANT 1347.000000 2740.000000 1607.000000 3000.000000
MALIGNANT 1287.000000 3954.000000 1547.000000 4214.000000
MALIGNANT 1454.000000 3894.000000 1714.000000 4154.000000
MALIGNANT 1354.000000 3720.000000 1614.000000 3980.000000
MALIGNANT 1480.000000 3574.000000 1740.000000 3834.000000
MALIGNANT 1154.000000 3114.000000 1414.000000 3374.000000
MALIGNANT 1467.000000 2900.000000 1727.000000 3160.000000
MALIGNANT 1640.000000 2707.000000 1900.000000 2967.000000
MALIGNANT 1800.000000 2554.000000 2060.000000 2814.000000
MALIGNANT 2107.000000 2620.000000 2367.000000 2880.000000
MALIGNANT 2260.000000 2754.000000 2520.000000 3014.000000
MALIGNANT 2234.000000 2974.000000 2494.000000 3234.000000
MALIGNANT 2374.000000 3034.000000 2634.000000 3294.000000
MALIGNANT 2247.000000 3214.000000 2507.000000 3474.000000
MALIGNANT 2140.000000 3407.000000 2400.000000 3667.000000
MALIGNANT 1940.000000 3527.000000 2200.000000 3787.000000
MALIGNANT 1780.000000 3734.000000 2040.000000 3994.000000
MALIGNANT 1587.000000 3754.000000 1847.000000 4014.000000
MALIGNANT 1534.000000 3460.000000 1794.000000 3720.000000
MALIGNANT 1720.000000 3547.000000 1980.000000 3807.000000
MALIGNANT 1854.000000 3340.000000 2114.000000 3600.000000
MALIGNANT 1427.000000 3207.000000 1687.000000 3467.000000
MALIGNANT 1347.000000 3040.000000 1607.000000 3300.000000
MALIGNANT 1634.000000 3060.000000 1894.000000 3320.000000
MALIGNANT 1754.000000 2887.000000 2014.000000 3147.000000
MALIGNANT 1907.000000 2747.000000 2167.000000 3007.000000
MALIGNANT 2054.000000 2814.000000 2314.000000 3074.000000
MALIGNANT 2100.000000 3020.000000 2360.000000 3280.000000
MALIGNANT 1874.000000 3040.000000 2134.000000 3300.000000
MALIGNANT 1947.000000 3200.000000 2207.000000 3460.000000
MALIGNANT 1687.000000 3260.000000 1947.000000 3520.000000
MALIGNANT 2400.000000 2667.000000 2660.000000 2927.000000
MALIGNANT 1040.000000 2234.000000 1300.000000 2494.000000
MALIGNANT 747.000000 2560.000000 1007.000000 2820.000000
