MALIGNANT 3314.000000 1694.000000 3574.000000 1954.000000
MALIGNANT 3307.000000 1454.000000 3567.000000 1714.000000
MALIGNANT 3294.000000 1280.000000 3554.000000 1540.000000
MALIGNANT 3300.000000 1107.000000 3560.000000 1367.000000
MALIGNANT 3294.000000 967.000000 3554.000000 1227.000000
MALIGNANT 3107.000000 907.000000 3367.000000 1167.000000
MALIGNANT 2880.000000 880.000000 3140.000000 1140.000000
MALIGNANT 2614.000000 874.000000 2874.000000 1134.000000
MALIGNANT 2407.000000 894.000000 2667.000000 1154.000000
MALIGNANT 2167.000000 907.000000 2427.000000 1167.000000
MALIGNANT 1927.000000 934.000000 2187.000000 1194.000000
MALIGNANT 1674.000000 960.000000 1934.000000 1220.000000
MALIGNANT 1414.000000 987.000000 1674.000000 1247.000000
MALIGNANT 1314.000000 1080.000000 1574.000000 1340.000000
MALIGNANT 1167.000000 1160.000000 1427.000000 1420.000000
MALIGNANT 1014.000000 1354.000000 1274.000000 1614.000000
MALIGNANT 914.000000 1520.000000 1174.000000 1780.000000
MALIGNANT 980.000000 1667.000000 1240.000000 1927.000000
MALIGNANT 1154.000000 1774.000000 1414.000000 2034.000000
MALIGNANT 1420.000000 1847.000000 1680.000000 2107.000000
MALIGNANT 1694.000000 1854.000000 1954.000000 2114.000000
MALIGNANT 1920.000000 1780.000000 2180.000000 2040.000000
MALIGNANT 2074.000000 1707.000000 2334.000000 1967.000000
MALIGNANT 2247.000000 1614.000000 2507.000000 1874.000000
MALIGNANT 2440.000000 1494.000000 2700.000000 1754.000000
MALIGNANT 2667.000000 1447.000000 2927.000000 1707.000000
MALIGNANT 2867.000000 1400.000000 3127.000000 1660.000000
MALIGNANT 3120.000000 1500.000000 3380.000000 1760.000000
MALIGNANT 1167.000000 1540.000000 1427.000000 1800.000000
MALIGNANT 1274.000000 1334.000000 1534.000000 1594.000000
MALIGNANT 1500.000000 1207.000000 1760.000000 1467.000000
MALIGNANT 1754.000000 1147.000000 2014.000000 1407.000000
MALIGNANT 2054.000000 1127.000000 2314.000000 1387.000000
MALIGNANT 2280.000000 1080.000000 2540.000000 1340.000000
MALIGNANT 1934.000000 1187.000000 2194.000000 1447.000000
MALIGNANT 1340.000000 1687.000000 1600.000000 1947.000000
MALIGNANT 1407.000000 1480.000000 1667.000000 1740.000000
MALIGNANT 1560.000000 1367.000000 1820.000000 1627.000000
MALIGNANT 1780.000000 1354.000000 2040.000000 1614.000000
MALIGNANT 1580.000000 1674.000000 1840.000000 1934.000000
MALIGNANT 1667.000000 1534.000000 1927.000000 1794.000000
MALIGNANT 1827.000000 1674.000000 2087.000000 1934.000000
MALIGNANT 1954.000000 1547.000000 2214.000000 1807.000000
MALIGNANT 2134.000000 1454.000000 2394.000000 1714.000000
MALIGNANT 1947.000000 1340.000000 2207.000000 1600.000000
MALIGNANT 2187.000000 1307.000000 2447.000000 1567.000000
MALIGNANT 2334.000000 1380.000000 2594.000000 1640.000000
MALIGNANT 2487.000000 1047.000000 2747.000000 1307.000000
MALIGNANT 2374.000000 1207.000000 2634.000000 1467.000000
MALIGNANT 2560.000000 1307.000000 2820.000000 1567.000000
MALIGNANT 2807.000000 1267.000000 3067.000000 1527.000000
MALIGNANT 2727.000000 1067.000000 2987.000000 1327.000000
MALIGNANT 2914.000000 1080.000000 3174.000000 1340.000000
MALIGNANT 3134.000000 1154.000000 3394.000000 1414.000000
MALIGNANT 3054.000000 1334.000000 3314.000000 1594.000000
MALIGNANT 2614.000000 1094.000000 2874.000000 1354.000000
MALIGNANT 2934.000000 920.000000 3194.000000 1180.000000
