GOOD 180.000000 594.000000 440.000000 854.000000
GOOD 420.000000 714.000000 680.000000 974.000000
GOOD 660.000000 774.000000 920.000000 1034.000000
GOOD 907.000000 1034.000000 1167.000000 1294.000000
GOOD 1107.000000 1200.000000 1367.000000 1460.000000
GOOD 1314.000000 1414.000000 1574.000000 1674.000000
GOOD 1474.000000 1614.000000 1734.000000 1874.000000
GOOD 1600.000000 1840.000000 1860.000000 2100.000000
GOOD 1654.000000 2120.000000 1914.000000 2380.000000
GOOD 1727.000000 2320.000000 1987.000000 2580.000000
GOOD 1640.000000 2594.000000 1900.000000 2854.000000
GOOD 1560.000000 2860.000000 1820.000000 3120.000000
GOOD 1480.000000 3140.000000 1740.000000 3400.000000
GOOD 1280.000000 3347.000000 1540.000000 3607.000000
GOOD 1100.000000 3554.000000 1360.000000 3814.000000
GOOD 840.000000 3714.000000 1100.000000 3974.000000
GOOD 607.000000 3854.000000 867.000000 4114.000000
GOOD 360.000000 3967.000000 620.000000 4227.000000
GOOD 87.000000 3980.000000 347.000000 4240.000000
GOOD 127.000000 3647.000000 387.000000 3907.000000
GOOD 127.000000 3407.000000 387.000000 3667.000000
GOOD 167.000000 3127.000000 427.000000 3387.000000
GOOD 120.000000 2807.000000 380.000000 3067.000000
GOOD 194.000000 2554.000000 454.000000 2814.000000
GOOD 194.000000 2267.000000 454.000000 2527.000000
GOOD 174.000000 1954.000000 434.000000 2214.000000
GOOD 154.000000 1634.000000 414.000000 1894.000000
GOOD 167.000000 1320.000000 427.000000 1580.000000
GOOD 120.000000 1007.000000 380.000000 1267.000000
GOOD 447.000000 1120.000000 707.000000 1380.000000
GOOD 514.000000 1474.000000 774.000000 1734.000000
GOOD 827.000000 1607.000000 1087.000000 1867.000000
GOOD 1100.000000 1694.000000 1360.000000 1954.000000
GOOD 1267.000000 1980.000000 1527.000000 2240.000000
GOOD 1340.000000 2294.000000 1600.000000 2554.000000
GOOD 1240.000000 2560.000000 1500.000000 2820.000000
GOOD 1227.000000 2860.000000 1487.000000 3120.000000
GOOD 1020.000000 3140.000000 1280.000000 3400.000000
GOOD 840.000000 3334.000000 1100.000000 3594.000000
GOOD 574.000000 3534.000000 834.000000 3794.000000
GOOD 494.000000 3240.000000 754.000000 3500.000000
GOOD 700.000000 2994.000000 960.000000 3254.000000
GOOD 927.000000 2727.000000 1187.000000 2987.000000
GOOD 934.000000 2454.000000 1194.000000 2714.000000
GOOD 974.000000 2094.000000 1234.000000 2354.000000
GOOD 720.000000 1874.000000 980.000000 2134.000000
GOOD 414.000000 1820.000000 674.000000 2080.000000
GOOD 474.000000 2080.000000 734.000000 2340.000000
GOOD 514.000000 2454.000000 774.000000 2714.000000
GOOD 434.000000 2774.000000 694.000000 3034.000000
