GOOD 1040.000000 2900.000000 1300.000000 3160.000000
GOOD 1120.000000 3247.000000 1380.000000 3507.000000
GOOD 1520.000000 3387.000000 1780.000000 3647.000000
GOOD 1840.000000 3547.000000 2100.000000 3807.000000
GOOD 1947.000000 3920.000000 2207.000000 4180.000000
GOOD 1920.000000 3114.000000 2180.000000 3374.000000
GOOD 1894.000000 2687.000000 2154.000000 2947.000000
GOOD 1840.000000 2314.000000 2100.000000 2574.000000
GOOD 1894.000000 1827.000000 2154.000000 2087.000000
GOOD 1920.000000 1480.000000 2180.000000 1740.000000
GOOD 1520.000000 1827.000000 1780.000000 2087.000000
GOOD 1467.000000 2874.000000 1727.000000 3134.000000
