GOOD 1974.000000 1647.000000 2234.000000 1907.000000
GOOD 1654.000000 1407.000000 1914.000000 1667.000000
GOOD 1407.000000 1894.000000 1667.000000 2154.000000
GOOD 1334.000000 2267.000000 1594.000000 2527.000000
GOOD 1380.000000 2680.000000 1640.000000 2940.000000
GOOD 1754.000000 3054.000000 2014.000000 3314.000000
GOOD 2120.000000 3054.000000 2380.000000 3314.000000
GOOD 2387.000000 2980.000000 2647.000000 3240.000000
GOOD 2220.000000 2707.000000 2480.000000 2967.000000
GOOD 1874.000000 2734.000000 2134.000000 2994.000000
GOOD 2634.000000 2507.000000 2894.000000 2767.000000
GOOD 2607.000000 3420.000000 2867.000000 3680.000000
GOOD 2367.000000 3394.000000 2627.000000 3654.000000
GOOD 2607.000000 1480.000000 2867.000000 1740.000000
GOOD 2607.000000 1480.000000 2867.000000 1740.000000
GOOD 2587.000000 1947.000000 2847.000000 2207.000000
GOOD 2514.000000 1060.000000 2774.000000 1320.000000
GOOD 2687.000000 787.000000 2947.000000 1047.000000
