MALIGNANT 1854.000000 2300.000000 2114.000000 2560.000000
MALIGNANT 1780.000000 2194.000000 2040.000000 2454.000000
MALIGNANT 1567.000000 2114.000000 1827.000000 2374.000000
MALIGNANT 1440.000000 1880.000000 1700.000000 2140.000000
MALIGNANT 1280.000000 2067.000000 1540.000000 2327.000000
MALIGNANT 1140.000000 2167.000000 1400.000000 2427.000000
MALIGNANT 1027.000000 2374.000000 1287.000000 2634.000000
MALIGNANT 1100.000000 2447.000000 1360.000000 2707.000000
MALIGNANT 1314.000000 2387.000000 1574.000000 2647.000000
MALIGNANT 1594.000000 2267.000000 1854.000000 2527.000000
MALIGNANT 1340.000000 2167.000000 1600.000000 2427.000000
