GOOD 107.000000 3227.000000 367.000000 3487.000000
GOOD 140.000000 2907.000000 400.000000 3167.000000
GOOD 180.000000 2587.000000 440.000000 2847.000000
GOOD 220.000000 2267.000000 480.000000 2527.000000
GOOD 134.000000 2007.000000 394.000000 2267.000000
GOOD 107.000000 1714.000000 367.000000 1974.000000
GOOD 174.000000 1367.000000 434.000000 1627.000000
GOOD 420.000000 1174.000000 680.000000 1434.000000
GOOD 727.000000 1367.000000 987.000000 1627.000000
GOOD 1080.000000 1574.000000 1340.000000 1834.000000
GOOD 1427.000000 1727.000000 1687.000000 1987.000000
GOOD 1620.000000 2000.000000 1880.000000 2260.000000
GOOD 1914.000000 2227.000000 2174.000000 2487.000000
GOOD 2000.000000 2467.000000 2260.000000 2727.000000
GOOD 2247.000000 2687.000000 2507.000000 2947.000000
GOOD 2294.000000 3007.000000 2554.000000 3267.000000
GOOD 2214.000000 3234.000000 2474.000000 3494.000000
GOOD 2194.000000 3514.000000 2454.000000 3774.000000
GOOD 1934.000000 3820.000000 2194.000000 4080.000000
GOOD 1680.000000 4040.000000 1940.000000 4300.000000
GOOD 1434.000000 4254.000000 1694.000000 4514.000000
GOOD 1167.000000 4414.000000 1427.000000 4674.000000
GOOD 874.000000 4574.000000 1134.000000 4834.000000
GOOD 640.000000 4714.000000 900.000000 4974.000000
GOOD 394.000000 4780.000000 654.000000 5040.000000
GOOD 94.000000 4887.000000 354.000000 5147.000000
GOOD 34.000000 4567.000000 294.000000 4827.000000
GOOD 74.000000 4247.000000 334.000000 4507.000000
GOOD 140.000000 4000.000000 400.000000 4260.000000
GOOD 134.000000 3647.000000 394.000000 3907.000000
GOOD 407.000000 4434.000000 667.000000 4694.000000
GOOD 747.000000 4240.000000 1007.000000 4500.000000
GOOD 1000.000000 4014.000000 1260.000000 4274.000000
GOOD 1014.000000 3707.000000 1274.000000 3967.000000
GOOD 914.000000 3414.000000 1174.000000 3674.000000
GOOD 607.000000 3327.000000 867.000000 3587.000000
GOOD 487.000000 3114.000000 747.000000 3374.000000
GOOD 540.000000 2807.000000 800.000000 3067.000000
GOOD 547.000000 2447.000000 807.000000 2707.000000
GOOD 434.000000 2040.000000 694.000000 2300.000000
GOOD 427.000000 1754.000000 687.000000 2014.000000
GOOD 674.000000 1767.000000 934.000000 2027.000000
GOOD 720.000000 2140.000000 980.000000 2400.000000
GOOD 1007.000000 1954.000000 1267.000000 2214.000000
GOOD 1020.000000 2260.000000 1280.000000 2520.000000
GOOD 780.000000 2567.000000 1040.000000 2827.000000
GOOD 980.000000 2827.000000 1240.000000 3087.000000
GOOD 994.000000 3087.000000 1254.000000 3347.000000
GOOD 1294.000000 3660.000000 1554.000000 3920.000000
GOOD 1340.000000 3934.000000 1600.000000 4194.000000
GOOD 1627.000000 3734.000000 1887.000000 3994.000000
GOOD 1767.000000 3420.000000 2027.000000 3680.000000
GOOD 1854.000000 3227.000000 2114.000000 3487.000000
GOOD 1860.000000 2994.000000 2120.000000 3254.000000
GOOD 1740.000000 2727.000000 2000.000000 2987.000000
GOOD 1540.000000 2347.000000 1800.000000 2607.000000
GOOD 1134.000000 2554.000000 1394.000000 2814.000000
GOOD 1334.000000 2787.000000 1594.000000 3047.000000
GOOD 1520.000000 3040.000000 1780.000000 3300.000000
GOOD 1300.000000 2074.000000 1560.000000 2334.000000
