GOOD 1947.000000 734.000000 2207.000000 994.000000
GOOD 1707.000000 974.000000 1967.000000 1234.000000
GOOD 1460.000000 1187.000000 1720.000000 1447.000000
GOOD 1460.000000 1187.000000 1720.000000 1447.000000
GOOD 1460.000000 1187.000000 1720.000000 1447.000000
GOOD 1274.000000 1454.000000 1534.000000 1714.000000
GOOD 1220.000000 1674.000000 1480.000000 1934.000000
GOOD 1140.000000 1967.000000 1400.000000 2227.000000
GOOD 1114.000000 2340.000000 1374.000000 2600.000000
GOOD 1247.000000 2667.000000 1507.000000 2927.000000
GOOD 1354.000000 3014.000000 1614.000000 3274.000000
GOOD 1600.000000 3254.000000 1860.000000 3514.000000
GOOD 1867.000000 3547.000000 2127.000000 3807.000000
GOOD 1867.000000 3120.000000 2127.000000 3380.000000
GOOD 1867.000000 2854.000000 2127.000000 3114.000000
GOOD 1567.000000 2827.000000 1827.000000 3087.000000
GOOD 1487.000000 2500.000000 1747.000000 2760.000000
GOOD 1327.000000 2154.000000 1587.000000 2414.000000
GOOD 1460.000000 1834.000000 1720.000000 2094.000000
GOOD 1734.000000 1780.000000 1994.000000 2040.000000
GOOD 1680.000000 2047.000000 1940.000000 2307.000000
GOOD 1814.000000 2394.000000 2074.000000 2654.000000
GOOD 1920.000000 2020.000000 2180.000000 2280.000000
GOOD 1627.000000 1507.000000 1887.000000 1767.000000
