MALIGNANT 1174.000000 2160.000000 1434.000000 2420.000000
MALIGNANT 1380.000000 2107.000000 1640.000000 2367.000000
MALIGNANT 1520.000000 2014.000000 1780.000000 2274.000000
MALIGNANT 1694.000000 2060.000000 1954.000000 2320.000000
MALIGNANT 1867.000000 2154.000000 2127.000000 2414.000000
MALIGNANT 1027.000000 2287.000000 1287.000000 2547.000000
MALIGNANT 980.000000 2540.000000 1240.000000 2800.000000
MALIGNANT 1134.000000 2460.000000 1394.000000 2720.000000
MALIGNANT 1300.000000 2340.000000 1560.000000 2600.000000
MALIGNANT 1580.000000 2274.000000 1840.000000 2534.000000
MALIGNANT 1987.000000 2287.000000 2247.000000 2547.000000
MALIGNANT 1774.000000 2347.000000 2034.000000 2607.000000
MALIGNANT 1427.000000 2274.000000 1687.000000 2534.000000
MALIGNANT 1034.000000 2707.000000 1294.000000 2967.000000
MALIGNANT 1280.000000 2634.000000 1540.000000 2894.000000
MALIGNANT 1407.000000 2487.000000 1667.000000 2747.000000
MALIGNANT 1607.000000 2480.000000 1867.000000 2740.000000
MALIGNANT 2007.000000 2520.000000 2267.000000 2780.000000
MALIGNANT 1794.000000 2574.000000 2054.000000 2834.000000
MALIGNANT 1974.000000 2660.000000 2234.000000 2920.000000
MALIGNANT 1754.000000 2694.000000 2014.000000 2954.000000
MALIGNANT 1547.000000 2647.000000 1807.000000 2907.000000
MALIGNANT 1374.000000 2727.000000 1634.000000 2987.000000
MALIGNANT 1174.000000 2820.000000 1434.000000 3080.000000
MALIGNANT 1087.000000 2807.000000 1347.000000 3067.000000
MALIGNANT 1200.000000 2954.000000 1460.000000 3214.000000
MALIGNANT 1420.000000 3014.000000 1680.000000 3274.000000
MALIGNANT 1507.000000 2840.000000 1767.000000 3100.000000
MALIGNANT 1634.000000 3020.000000 1894.000000 3280.000000
MALIGNANT 1667.000000 2800.000000 1927.000000 3060.000000
MALIGNANT 1827.000000 2914.000000 2087.000000 3174.000000
MALIGNANT 1947.000000 2754.000000 2207.000000 3014.000000
