MALIGNANT 1147.000000 2160.000000 1407.000000 2420.000000
MALIGNANT 1347.000000 2120.000000 1607.000000 2380.000000
MALIGNANT 1580.000000 2134.000000 1840.000000 2394.000000
MALIGNANT 1794.000000 2167.000000 2054.000000 2427.000000
MALIGNANT 2040.000000 2174.000000 2300.000000 2434.000000
MALIGNANT 2214.000000 2214.000000 2474.000000 2474.000000
MALIGNANT 1100.000000 2367.000000 1360.000000 2627.000000
MALIGNANT 1334.000000 2340.000000 1594.000000 2600.000000
MALIGNANT 1580.000000 2340.000000 1840.000000 2600.000000
MALIGNANT 1814.000000 2367.000000 2074.000000 2627.000000
MALIGNANT 2034.000000 2407.000000 2294.000000 2667.000000
MALIGNANT 2254.000000 2454.000000 2514.000000 2714.000000
MALIGNANT 1114.000000 2580.000000 1374.000000 2840.000000
MALIGNANT 1180.000000 2714.000000 1440.000000 2974.000000
MALIGNANT 1320.000000 2527.000000 1580.000000 2787.000000
MALIGNANT 1514.000000 2500.000000 1774.000000 2760.000000
MALIGNANT 1407.000000 2814.000000 1667.000000 3074.000000
MALIGNANT 1494.000000 2660.000000 1754.000000 2920.000000
MALIGNANT 1727.000000 2574.000000 1987.000000 2834.000000
MALIGNANT 1927.000000 2554.000000 2187.000000 2814.000000
MALIGNANT 2187.000000 2600.000000 2447.000000 2860.000000
MALIGNANT 2027.000000 2720.000000 2287.000000 2980.000000
MALIGNANT 1834.000000 2794.000000 2094.000000 3054.000000
MALIGNANT 1647.000000 2767.000000 1907.000000 3027.000000
MALIGNANT 1327.000000 2654.000000 1587.000000 2914.000000
MALIGNANT 1474.000000 2287.000000 1734.000000 2547.000000
