MALIGNANT 2227.000000 1520.000000 2487.000000 1780.000000
MALIGNANT 2460.000000 1547.000000 2720.000000 1807.000000
MALIGNANT 2654.000000 1527.000000 2914.000000 1787.000000
MALIGNANT 2894.000000 1514.000000 3154.000000 1774.000000
MALIGNANT 3120.000000 1487.000000 3380.000000 1747.000000
MALIGNANT 3240.000000 1574.000000 3500.000000 1834.000000
MALIGNANT 3314.000000 1700.000000 3574.000000 1960.000000
MALIGNANT 3300.000000 1934.000000 3560.000000 2194.000000
MALIGNANT 3214.000000 2094.000000 3474.000000 2354.000000
MALIGNANT 2247.000000 1734.000000 2507.000000 1994.000000
MALIGNANT 2374.000000 1947.000000 2634.000000 2207.000000
MALIGNANT 2427.000000 2207.000000 2687.000000 2467.000000
MALIGNANT 2440.000000 2454.000000 2700.000000 2714.000000
MALIGNANT 2434.000000 2680.000000 2694.000000 2940.000000
MALIGNANT 2527.000000 2700.000000 2787.000000 2960.000000
MALIGNANT 2660.000000 2607.000000 2920.000000 2867.000000
MALIGNANT 2794.000000 2480.000000 3054.000000 2740.000000
MALIGNANT 2954.000000 2400.000000 3214.000000 2660.000000
MALIGNANT 3127.000000 2247.000000 3387.000000 2507.000000
MALIGNANT 2480.000000 1754.000000 2740.000000 2014.000000
MALIGNANT 2714.000000 1807.000000 2974.000000 2067.000000
MALIGNANT 2900.000000 1687.000000 3160.000000 1947.000000
MALIGNANT 3120.000000 1740.000000 3380.000000 2000.000000
MALIGNANT 2700.000000 1674.000000 2960.000000 1934.000000
MALIGNANT 2947.000000 1927.000000 3207.000000 2187.000000
MALIGNANT 3134.000000 1920.000000 3394.000000 2180.000000
MALIGNANT 2527.000000 2000.000000 2787.000000 2260.000000
MALIGNANT 2534.000000 2394.000000 2794.000000 2654.000000
MALIGNANT 2674.000000 2200.000000 2934.000000 2460.000000
MALIGNANT 2727.000000 1974.000000 2987.000000 2234.000000
MALIGNANT 2914.000000 2154.000000 3174.000000 2414.000000
MALIGNANT 2734.000000 2200.000000 2994.000000 2460.000000
MALIGNANT 2827.000000 2154.000000 3087.000000 2414.000000
MALIGNANT 2780.000000 1787.000000 3040.000000 2047.000000
