MALIGNANT 1480.000000 2040.000000 1740.000000 2300.000000
MALIGNANT 1360.000000 2114.000000 1620.000000 2374.000000
MALIGNANT 1280.000000 2220.000000 1540.000000 2480.000000
MALIGNANT 1207.000000 2320.000000 1467.000000 2580.000000
MALIGNANT 1140.000000 2554.000000 1400.000000 2814.000000
MALIGNANT 1014.000000 2674.000000 1274.000000 2934.000000
MALIGNANT 1127.000000 2767.000000 1387.000000 3027.000000
MALIGNANT 1347.000000 2860.000000 1607.000000 3120.000000
MALIGNANT 1574.000000 2900.000000 1834.000000 3160.000000
MALIGNANT 1780.000000 2960.000000 2040.000000 3220.000000
MALIGNANT 2007.000000 3027.000000 2267.000000 3287.000000
MALIGNANT 2167.000000 3140.000000 2427.000000 3400.000000
MALIGNANT 2334.000000 3100.000000 2594.000000 3360.000000
MALIGNANT 2467.000000 3047.000000 2727.000000 3307.000000
MALIGNANT 2540.000000 2960.000000 2800.000000 3220.000000
MALIGNANT 2534.000000 2727.000000 2794.000000 2987.000000
MALIGNANT 2407.000000 2660.000000 2667.000000 2920.000000
MALIGNANT 2214.000000 2594.000000 2474.000000 2854.000000
MALIGNANT 2040.000000 2520.000000 2300.000000 2780.000000
MALIGNANT 1900.000000 2447.000000 2160.000000 2707.000000
MALIGNANT 1840.000000 2367.000000 2100.000000 2627.000000
MALIGNANT 1760.000000 2247.000000 2020.000000 2507.000000
MALIGNANT 1674.000000 2080.000000 1934.000000 2340.000000
MALIGNANT 1307.000000 2660.000000 1567.000000 2920.000000
MALIGNANT 1374.000000 2420.000000 1634.000000 2680.000000
MALIGNANT 1534.000000 2287.000000 1794.000000 2547.000000
MALIGNANT 1654.000000 2480.000000 1914.000000 2740.000000
MALIGNANT 1460.000000 2654.000000 1720.000000 2914.000000
MALIGNANT 1654.000000 2807.000000 1914.000000 3067.000000
MALIGNANT 1740.000000 2667.000000 2000.000000 2927.000000
MALIGNANT 1974.000000 2680.000000 2234.000000 2940.000000
MALIGNANT 1940.000000 2927.000000 2200.000000 3187.000000
MALIGNANT 2174.000000 3034.000000 2434.000000 3294.000000
MALIGNANT 2227.000000 2840.000000 2487.000000 3100.000000
MALIGNANT 2414.000000 2894.000000 2674.000000 3154.000000
MALIGNANT 2087.000000 2867.000000 2347.000000 3127.000000
