MALIGNANT 654.000000 1194.000000 914.000000 1454.000000
MALIGNANT 687.000000 1074.000000 947.000000 1334.000000
MALIGNANT 634.000000 987.000000 894.000000 1247.000000
MALIGNANT 580.000000 834.000000 840.000000 1094.000000
MALIGNANT 494.000000 734.000000 754.000000 994.000000
MALIGNANT 360.000000 660.000000 620.000000 920.000000
MALIGNANT 160.000000 680.000000 420.000000 940.000000
MALIGNANT 127.000000 780.000000 387.000000 1040.000000
MALIGNANT 174.000000 920.000000 434.000000 1180.000000
MALIGNANT 247.000000 1054.000000 507.000000 1314.000000
MALIGNANT 300.000000 1154.000000 560.000000 1414.000000
MALIGNANT 427.000000 1214.000000 687.000000 1474.000000
MALIGNANT 440.000000 1020.000000 700.000000 1280.000000
MALIGNANT 360.000000 854.000000 620.000000 1114.000000
MALIGNANT 200.000000 780.000000 460.000000 1040.000000
MALIGNANT 574.000000 1134.000000 834.000000 1394.000000
MALIGNANT 354.000000 1127.000000 614.000000 1387.000000
