GOOD 2354.000000 2500.000000 2614.000000 2760.000000
GOOD 2327.000000 2180.000000 2587.000000 2440.000000
GOOD 2720.000000 2260.000000 2980.000000 2520.000000
GOOD 2640.000000 2734.000000 2900.000000 2994.000000
GOOD 2640.000000 2734.000000 2900.000000 2994.000000
GOOD 2460.000000 3207.000000 2720.000000 3467.000000
GOOD 2407.000000 3547.000000 2667.000000 3807.000000
GOOD 2040.000000 3574.000000 2300.000000 3834.000000
GOOD 1694.000000 3600.000000 1954.000000 3860.000000
GOOD 1434.000000 3260.000000 1694.000000 3520.000000
GOOD 1354.000000 2894.000000 1614.000000 3154.000000
GOOD 1487.000000 2627.000000 1747.000000 2887.000000
GOOD 1774.000000 2574.000000 2034.000000 2834.000000
GOOD 1854.000000 2260.000000 2114.000000 2520.000000
GOOD 1934.000000 1920.000000 2194.000000 2180.000000
GOOD 2407.000000 1760.000000 2667.000000 2020.000000
GOOD 2667.000000 1760.000000 2927.000000 2020.000000
GOOD 2667.000000 1760.000000 2927.000000 2020.000000
