GOOD 154.000000 1627.000000 414.000000 1887.000000
GOOD 520.000000 1674.000000 780.000000 1934.000000
GOOD 820.000000 1727.000000 1080.000000 1987.000000
GOOD 767.000000 2040.000000 1027.000000 2300.000000
GOOD 667.000000 2414.000000 927.000000 2674.000000
GOOD 427.000000 2114.000000 687.000000 2374.000000
GOOD 154.000000 1994.000000 414.000000 2254.000000
GOOD 127.000000 2360.000000 387.000000 2620.000000
GOOD 154.000000 2780.000000 414.000000 3040.000000
GOOD 500.000000 2754.000000 760.000000 3014.000000
GOOD 867.000000 2660.000000 1127.000000 2920.000000
GOOD 1014.000000 2314.000000 1274.000000 2574.000000
GOOD 160.000000 3194.000000 420.000000 3454.000000
