GOOD 147.000000 854.000000 407.000000 1114.000000
GOOD 507.000000 807.000000 767.000000 1067.000000
GOOD 767.000000 914.000000 1027.000000 1174.000000
GOOD 1167.000000 1114.000000 1427.000000 1374.000000
GOOD 1260.000000 1460.000000 1520.000000 1720.000000
GOOD 1400.000000 1767.000000 1660.000000 2027.000000
GOOD 1420.000000 2080.000000 1680.000000 2340.000000
GOOD 1707.000000 2260.000000 1967.000000 2520.000000
GOOD 1780.000000 2500.000000 2040.000000 2760.000000
GOOD 1754.000000 2794.000000 2014.000000 3054.000000
GOOD 1714.000000 3100.000000 1974.000000 3360.000000
GOOD 1580.000000 3407.000000 1840.000000 3667.000000
GOOD 1034.000000 2067.000000 1294.000000 2327.000000
GOOD 720.000000 2134.000000 980.000000 2394.000000
GOOD 320.000000 2087.000000 580.000000 2347.000000
GOOD 267.000000 1740.000000 527.000000 2000.000000
GOOD 180.000000 1467.000000 440.000000 1727.000000
GOOD 194.000000 1174.000000 454.000000 1434.000000
GOOD 567.000000 1174.000000 827.000000 1434.000000
GOOD 867.000000 1374.000000 1127.000000 1634.000000
GOOD 1387.000000 2407.000000 1647.000000 2667.000000
GOOD 1434.000000 2727.000000 1694.000000 2987.000000
GOOD 1407.000000 2994.000000 1667.000000 3254.000000
GOOD 1254.000000 3360.000000 1514.000000 3620.000000
GOOD 1414.000000 3687.000000 1674.000000 3947.000000
GOOD 1167.000000 3887.000000 1427.000000 4147.000000
GOOD 874.000000 4120.000000 1134.000000 4380.000000
GOOD 640.000000 4254.000000 900.000000 4514.000000
GOOD 347.000000 4380.000000 607.000000 4640.000000
GOOD 227.000000 4120.000000 487.000000 4380.000000
GOOD 534.000000 3940.000000 794.000000 4200.000000
GOOD 887.000000 3780.000000 1147.000000 4040.000000
GOOD 954.000000 3480.000000 1214.000000 3740.000000
GOOD 1074.000000 3134.000000 1334.000000 3394.000000
GOOD 1167.000000 2807.000000 1427.000000 3067.000000
GOOD 1107.000000 2587.000000 1367.000000 2847.000000
GOOD 840.000000 2474.000000 1100.000000 2734.000000
GOOD 820.000000 2807.000000 1080.000000 3067.000000
GOOD 754.000000 3087.000000 1014.000000 3347.000000
GOOD 627.000000 3354.000000 887.000000 3614.000000
GOOD 547.000000 3614.000000 807.000000 3874.000000
GOOD 340.000000 3634.000000 600.000000 3894.000000
GOOD 267.000000 3340.000000 527.000000 3600.000000
GOOD 247.000000 3020.000000 507.000000 3280.000000
GOOD 200.000000 2707.000000 460.000000 2967.000000
GOOD 260.000000 2320.000000 520.000000 2580.000000
GOOD 494.000000 2707.000000 754.000000 2967.000000
GOOD 507.000000 2500.000000 767.000000 2760.000000
