MALIGNANT 2974.000000 2320.000000 3234.000000 2580.000000
MALIGNANT 2947.000000 2367.000000 3207.000000 2627.000000
MALIGNANT 3034.000000 2300.000000 3294.000000 2560.000000
MALIGNANT 3107.000000 2474.000000 3367.000000 2734.000000
MALIGNANT 2914.000000 2227.000000 3174.000000 2487.000000
MALIGNANT 3080.000000 2407.000000 3340.000000 2667.000000
MALIGNANT 2714.000000 2467.000000 2974.000000 2727.000000
MALIGNANT 2807.000000 2380.000000 3067.000000 2640.000000
MALIGNANT 2767.000000 2427.000000 3027.000000 2687.000000
MALIGNANT 2654.000000 2527.000000 2914.000000 2787.000000
MALIGNANT 2860.000000 2334.000000 3120.000000 2594.000000
