GOOD 2160.000000 3480.000000 2420.000000 3740.000000
GOOD 1714.000000 3407.000000 1974.000000 3667.000000
GOOD 2634.000000 3360.000000 2894.000000 3620.000000
GOOD 2567.000000 3994.000000 2827.000000 4254.000000
GOOD 2194.000000 3840.000000 2454.000000 4100.000000
GOOD 2954.000000 3734.000000 3214.000000 3994.000000
GOOD 3000.000000 4014.000000 3260.000000 4274.000000
GOOD 2027.000000 2920.000000 2287.000000 3180.000000
GOOD 2834.000000 2914.000000 3094.000000 3174.000000
GOOD 2820.000000 1254.000000 3080.000000 1514.000000
GOOD 2407.000000 1420.000000 2667.000000 1680.000000
GOOD 2860.000000 1660.000000 3120.000000 1920.000000
