MALIGNANT 1640.000000 2920.000000 1900.000000 3180.000000
MALIGNANT 1780.000000 2887.000000 2040.000000 3147.000000
MALIGNANT 1967.000000 2887.000000 2227.000000 3147.000000
MALIGNANT 2060.000000 2927.000000 2320.000000 3187.000000
MALIGNANT 1614.000000 3094.000000 1874.000000 3354.000000
MALIGNANT 1854.000000 3094.000000 2114.000000 3354.000000
MALIGNANT 2100.000000 3087.000000 2360.000000 3347.000000
MALIGNANT 1707.000000 3240.000000 1967.000000 3500.000000
MALIGNANT 1967.000000 3227.000000 2227.000000 3487.000000
MALIGNANT 1627.000000 3327.000000 1887.000000 3587.000000
MALIGNANT 1760.000000 3414.000000 2020.000000 3674.000000
MALIGNANT 1967.000000 3434.000000 2227.000000 3694.000000
MALIGNANT 2120.000000 3314.000000 2380.000000 3574.000000
MALIGNANT 2034.000000 3380.000000 2294.000000 3640.000000
MALIGNANT 1720.000000 3020.000000 1980.000000 3280.000000
MALIGNANT 1947.000000 2954.000000 2207.000000 3214.000000
