GOOD 1214.000000 820.000000 1474.000000 1080.000000
GOOD 1620.000000 707.000000 1880.000000 967.000000
GOOD 1800.000000 1060.000000 2060.000000 1320.000000
GOOD 1780.000000 1467.000000 2040.000000 1727.000000
GOOD 1740.000000 1854.000000 2000.000000 2114.000000
GOOD 1680.000000 2147.000000 1940.000000 2407.000000
GOOD 1640.000000 2380.000000 1900.000000 2640.000000
GOOD 1680.000000 2620.000000 1940.000000 2880.000000
GOOD 1680.000000 2620.000000 1940.000000 2880.000000
GOOD 1620.000000 2907.000000 1880.000000 3167.000000
GOOD 1640.000000 3220.000000 1900.000000 3480.000000
GOOD 1640.000000 3634.000000 1900.000000 3894.000000
GOOD 1427.000000 3534.000000 1687.000000 3794.000000
GOOD 1214.000000 3420.000000 1474.000000 3680.000000
GOOD 1040.000000 3147.000000 1300.000000 3407.000000
GOOD 860.000000 2854.000000 1120.000000 3114.000000
GOOD 647.000000 2620.000000 907.000000 2880.000000
GOOD 454.000000 2307.000000 714.000000 2567.000000
GOOD 280.000000 2034.000000 540.000000 2294.000000
GOOD 334.000000 1720.000000 594.000000 1980.000000
GOOD 434.000000 1467.000000 694.000000 1727.000000
GOOD 647.000000 1254.000000 907.000000 1514.000000
GOOD 860.000000 1074.000000 1120.000000 1334.000000
GOOD 900.000000 1427.000000 1160.000000 1687.000000
GOOD 727.000000 1660.000000 987.000000 1920.000000
GOOD 687.000000 1954.000000 947.000000 2214.000000
GOOD 707.000000 2207.000000 967.000000 2467.000000
GOOD 940.000000 2367.000000 1200.000000 2627.000000
GOOD 1040.000000 2674.000000 1300.000000 2934.000000
GOOD 1214.000000 2967.000000 1474.000000 3227.000000
GOOD 1347.000000 2540.000000 1607.000000 2800.000000
GOOD 1294.000000 2167.000000 1554.000000 2427.000000
GOOD 1060.000000 1934.000000 1320.000000 2194.000000
GOOD 1387.000000 1820.000000 1647.000000 2080.000000
GOOD 1214.000000 1620.000000 1474.000000 1880.000000
GOOD 1447.000000 1467.000000 1707.000000 1727.000000
