MALIGNANT 514.000000 1467.000000 774.000000 1727.000000
MALIGNANT 587.000000 1534.000000 847.000000 1794.000000
MALIGNANT 494.000000 1600.000000 754.000000 1860.000000
MALIGNANT 647.000000 1694.000000 907.000000 1954.000000
MALIGNANT 360.000000 1534.000000 620.000000 1794.000000
MALIGNANT 520.000000 1547.000000 780.000000 1807.000000
MALIGNANT 487.000000 1654.000000 747.000000 1914.000000
MALIGNANT 640.000000 1394.000000 900.000000 1654.000000
MALIGNANT 727.000000 1667.000000 987.000000 1927.000000
MALIGNANT 400.000000 1380.000000 660.000000 1640.000000
