MALIGNANT 1094.000000 3320.000000 1354.000000 3580.000000
MALIGNANT 987.000000 3154.000000 1247.000000 3414.000000
MALIGNANT 847.000000 2980.000000 1107.000000 3240.000000
MALIGNANT 854.000000 2800.000000 1114.000000 3060.000000
MALIGNANT 967.000000 2907.000000 1227.000000 3167.000000
MALIGNANT 747.000000 2807.000000 1007.000000 3067.000000
MALIGNANT 1040.000000 3280.000000 1300.000000 3540.000000
MALIGNANT 1014.000000 3214.000000 1274.000000 3474.000000
MALIGNANT 900.000000 3107.000000 1160.000000 3367.000000
MALIGNANT 867.000000 2940.000000 1127.000000 3200.000000
MALIGNANT 807.000000 2780.000000 1067.000000 3040.000000
MALIGNANT 827.000000 2674.000000 1087.000000 2934.000000
MALIGNANT 974.000000 2834.000000 1234.000000 3094.000000
MALIGNANT 680.000000 2794.000000 940.000000 3054.000000
