MALIGNANT 2274.000000 2500.000000 2534.000000 2760.000000
MALIGNANT 2494.000000 2507.000000 2754.000000 2767.000000
MALIGNANT 2707.000000 2520.000000 2967.000000 2780.000000
MALIGNANT 2767.000000 2687.000000 3027.000000 2947.000000
MALIGNANT 2920.000000 2827.000000 3180.000000 3087.000000
MALIGNANT 2814.000000 2780.000000 3074.000000 3040.000000
MALIGNANT 2140.000000 2647.000000 2400.000000 2907.000000
MALIGNANT 2060.000000 2887.000000 2320.000000 3147.000000
MALIGNANT 2054.000000 3114.000000 2314.000000 3374.000000
MALIGNANT 2094.000000 3394.000000 2354.000000 3654.000000
MALIGNANT 2140.000000 3260.000000 2400.000000 3520.000000
MALIGNANT 2114.000000 3640.000000 2374.000000 3900.000000
MALIGNANT 2180.000000 3827.000000 2440.000000 4087.000000
MALIGNANT 2327.000000 3940.000000 2587.000000 4200.000000
MALIGNANT 2514.000000 4014.000000 2774.000000 4274.000000
MALIGNANT 2707.000000 4074.000000 2967.000000 4334.000000
MALIGNANT 2927.000000 4094.000000 3187.000000 4354.000000
MALIGNANT 2907.000000 3894.000000 3167.000000 4154.000000
MALIGNANT 2900.000000 3707.000000 3160.000000 3967.000000
MALIGNANT 2907.000000 3467.000000 3167.000000 3727.000000
MALIGNANT 2900.000000 3274.000000 3160.000000 3534.000000
MALIGNANT 2920.000000 3060.000000 3180.000000 3320.000000
MALIGNANT 2254.000000 2734.000000 2514.000000 2994.000000
MALIGNANT 2500.000000 2707.000000 2760.000000 2967.000000
MALIGNANT 2660.000000 2927.000000 2920.000000 3187.000000
MALIGNANT 2234.000000 2940.000000 2494.000000 3200.000000
MALIGNANT 2460.000000 2934.000000 2720.000000 3194.000000
MALIGNANT 2220.000000 3160.000000 2480.000000 3420.000000
MALIGNANT 2440.000000 3134.000000 2700.000000 3394.000000
MALIGNANT 2680.000000 3107.000000 2940.000000 3367.000000
MALIGNANT 2707.000000 3374.000000 2967.000000 3634.000000
MALIGNANT 2420.000000 3387.000000 2680.000000 3647.000000
MALIGNANT 2227.000000 3480.000000 2487.000000 3740.000000
MALIGNANT 2560.000000 3427.000000 2820.000000 3687.000000
MALIGNANT 2747.000000 3594.000000 3007.000000 3854.000000
MALIGNANT 2327.000000 3674.000000 2587.000000 3934.000000
MALIGNANT 2527.000000 3654.000000 2787.000000 3914.000000
MALIGNANT 2707.000000 3820.000000 2967.000000 4080.000000
MALIGNANT 2507.000000 3834.000000 2767.000000 4094.000000
MALIGNANT 2840.000000 3127.000000 3100.000000 3387.000000
MALIGNANT 2534.000000 3234.000000 2794.000000 3494.000000
MALIGNANT 2874.000000 3560.000000 3134.000000 3820.000000
MALIGNANT 2867.000000 2887.000000 3127.000000 3147.000000
