MALIGNANT 1820.000000 1820.000000 2080.000000 2080.000000
MALIGNANT 1874.000000 1847.000000 2134.000000 2107.000000
MALIGNANT 1794.000000 1687.000000 2054.000000 1947.000000
MALIGNANT 1760.000000 1927.000000 2020.000000 2187.000000
MALIGNANT 1920.000000 1740.000000 2180.000000 2000.000000
MALIGNANT 1774.000000 1854.000000 2034.000000 2114.000000
MALIGNANT 1760.000000 1787.000000 2020.000000 2047.000000
MALIGNANT 1894.000000 1787.000000 2154.000000 2047.000000
MALIGNANT 1914.000000 2174.000000 2174.000000 2434.000000
MALIGNANT 1807.000000 2280.000000 2067.000000 2540.000000
MALIGNANT 1980.000000 2074.000000 2240.000000 2334.000000
MALIGNANT 1887.000000 2200.000000 2147.000000 2460.000000
MALIGNANT 1974.000000 2214.000000 2234.000000 2474.000000
