GOOD 1747.000000 1354.000000 2007.000000 1614.000000
GOOD 2094.000000 1120.000000 2354.000000 1380.000000
GOOD 2320.000000 1400.000000 2580.000000 1660.000000
GOOD 3487.000000 854.000000 3747.000000 1114.000000
GOOD 2920.000000 887.000000 3180.000000 1147.000000
GOOD 747.000000 2967.000000 1007.000000 3227.000000
GOOD 827.000000 3534.000000 1087.000000 3794.000000
GOOD 900.000000 2207.000000 1160.000000 2467.000000
GOOD 1074.000000 4187.000000 1334.000000 4447.000000
GOOD 2100.000000 4800.000000 2360.000000 5060.000000
GOOD 3394.000000 4534.000000 3654.000000 4794.000000
GOOD 3647.000000 3527.000000 3907.000000 3787.000000
GOOD 3520.000000 2647.000000 3780.000000 2907.000000
GOOD 3540.000000 1900.000000 3800.000000 2160.000000
GOOD 2620.000000 1927.000000 2880.000000 2187.000000
GOOD 1867.000000 2240.000000 2127.000000 2500.000000
GOOD 1654.000000 2854.000000 1914.000000 3114.000000
GOOD 1460.000000 3600.000000 1720.000000 3860.000000
GOOD 1320.000000 2787.000000 1580.000000 3047.000000
GOOD 1220.000000 2154.000000 1480.000000 2414.000000
GOOD 860.000000 1480.000000 1120.000000 1740.000000
GOOD 1507.000000 754.000000 1767.000000 1014.000000
GOOD 3887.000000 927.000000 4147.000000 1187.000000
GOOD 4207.000000 2000.000000 4467.000000 2260.000000
GOOD 3147.000000 1420.000000 3407.000000 1680.000000
GOOD 3087.000000 2474.000000 3347.000000 2734.000000
GOOD 4387.000000 2920.000000 4647.000000 3180.000000
GOOD 4380.000000 4000.000000 4640.000000 4260.000000
GOOD 2574.000000 2900.000000 2834.000000 3160.000000
GOOD 3440.000000 3887.000000 3700.000000 4147.000000
GOOD 4207.000000 4560.000000 4467.000000 4820.000000
GOOD 3274.000000 4974.000000 3534.000000 5234.000000
GOOD 2534.000000 5260.000000 2794.000000 5520.000000
GOOD 2787.000000 4680.000000 3047.000000 4940.000000
GOOD 1960.000000 4360.000000 2220.000000 4620.000000
GOOD 1287.000000 4914.000000 1547.000000 5174.000000
GOOD 1474.000000 4360.000000 1734.000000 4620.000000
GOOD 3320.000000 5067.000000 3580.000000 5327.000000
GOOD 3834.000000 4914.000000 4094.000000 5174.000000
GOOD 4094.000000 5387.000000 4354.000000 5647.000000
GOOD 4407.000000 4994.000000 4667.000000 5254.000000
GOOD 3420.000000 4507.000000 3680.000000 4767.000000
GOOD 3900.000000 4067.000000 4160.000000 4327.000000
GOOD 4187.000000 3394.000000 4447.000000 3654.000000
GOOD 4667.000000 3420.000000 4927.000000 3680.000000
GOOD 3974.000000 3140.000000 4234.000000 3400.000000
GOOD 4107.000000 2474.000000 4367.000000 2734.000000
GOOD 4667.000000 1667.000000 4927.000000 1927.000000
GOOD 3947.000000 1474.000000 4207.000000 1734.000000
GOOD 4500.000000 787.000000 4760.000000 1047.000000
