GOOD 2140.000000 2954.000000 2400.000000 3214.000000
GOOD 1674.000000 2854.000000 1934.000000 3114.000000
GOOD 2020.000000 2534.000000 2280.000000 2794.000000
GOOD 2020.000000 2534.000000 2280.000000 2794.000000
GOOD 1974.000000 1107.000000 2234.000000 1367.000000
GOOD 1627.000000 1107.000000 1887.000000 1367.000000
GOOD 1287.000000 1454.000000 1547.000000 1714.000000
GOOD 1827.000000 1427.000000 2087.000000 1687.000000
GOOD 1307.000000 2534.000000 1567.000000 2794.000000
GOOD 1847.000000 3394.000000 2107.000000 3654.000000
GOOD 2167.000000 3374.000000 2427.000000 3634.000000
GOOD 1454.000000 3200.000000 1714.000000 3460.000000
GOOD 1260.000000 2880.000000 1520.000000 3140.000000
GOOD 1087.000000 2040.000000 1347.000000 2300.000000
GOOD 1060.000000 1747.000000 1320.000000 2007.000000
