GOOD 2380.000000 1667.000000 2640.000000 1927.000000
GOOD 2280.000000 2320.000000 2540.000000 2580.000000
GOOD 2787.000000 1840.000000 3047.000000 2100.000000
GOOD 2787.000000 1840.000000 3047.000000 2100.000000
GOOD 2667.000000 1140.000000 2927.000000 1400.000000
GOOD 1920.000000 1527.000000 2180.000000 1787.000000
GOOD 1874.000000 1907.000000 2134.000000 2167.000000
GOOD 1827.000000 2867.000000 2087.000000 3127.000000
GOOD 1920.000000 3540.000000 2180.000000 3800.000000
GOOD 1560.000000 3207.000000 1820.000000 3467.000000
GOOD 2260.000000 4020.000000 2520.000000 4280.000000
