MALIGNANT 40.000000 1340.000000 300.000000 1600.000000
MALIGNANT 34.000000 1580.000000 294.000000 1840.000000
MALIGNANT 60.000000 1800.000000 320.000000 2060.000000
MALIGNANT 47.000000 1954.000000 307.000000 2214.000000
MALIGNANT 274.000000 1854.000000 534.000000 2114.000000
MALIGNANT 380.000000 1740.000000 640.000000 2000.000000
MALIGNANT 394.000000 1500.000000 654.000000 1760.000000
MALIGNANT 260.000000 1294.000000 520.000000 1554.000000
MALIGNANT 167.000000 1500.000000 427.000000 1760.000000
MALIGNANT 180.000000 1627.000000 440.000000 1887.000000
