MALIGNANT 60.000000 1194.000000 320.000000 1454.000000
MALIGNANT 60.000000 1420.000000 320.000000 1680.000000
MALIGNANT 67.000000 1660.000000 327.000000 1920.000000
MALIGNANT 74.000000 1880.000000 334.000000 2140.000000
MALIGNANT 67.000000 2094.000000 327.000000 2354.000000
MALIGNANT 67.000000 2294.000000 327.000000 2554.000000
MALIGNANT 54.000000 2534.000000 314.000000 2794.000000
MALIGNANT 54.000000 2740.000000 314.000000 3000.000000
MALIGNANT 260.000000 2727.000000 520.000000 2987.000000
MALIGNANT 180.000000 2514.000000 440.000000 2774.000000
MALIGNANT 234.000000 2307.000000 494.000000 2567.000000
MALIGNANT 260.000000 2134.000000 520.000000 2394.000000
MALIGNANT 240.000000 1947.000000 500.000000 2207.000000
MALIGNANT 194.000000 1807.000000 454.000000 2067.000000
MALIGNANT 207.000000 1600.000000 467.000000 1860.000000
MALIGNANT 214.000000 1420.000000 474.000000 1680.000000
MALIGNANT 234.000000 1254.000000 494.000000 1514.000000
MALIGNANT 447.000000 1354.000000 707.000000 1614.000000
MALIGNANT 554.000000 1480.000000 814.000000 1740.000000
MALIGNANT 367.000000 1587.000000 627.000000 1847.000000
MALIGNANT 294.000000 1767.000000 554.000000 2027.000000
MALIGNANT 687.000000 1540.000000 947.000000 1800.000000
MALIGNANT 520.000000 1700.000000 780.000000 1960.000000
MALIGNANT 414.000000 1940.000000 674.000000 2200.000000
MALIGNANT 774.000000 1714.000000 1034.000000 1974.000000
MALIGNANT 594.000000 1860.000000 854.000000 2120.000000
MALIGNANT 440.000000 2154.000000 700.000000 2414.000000
MALIGNANT 407.000000 2354.000000 667.000000 2614.000000
MALIGNANT 354.000000 2560.000000 614.000000 2820.000000
MALIGNANT 494.000000 2687.000000 754.000000 2947.000000
MALIGNANT 640.000000 2587.000000 900.000000 2847.000000
MALIGNANT 607.000000 2374.000000 867.000000 2634.000000
MALIGNANT 560.000000 2014.000000 820.000000 2274.000000
MALIGNANT 654.000000 2194.000000 914.000000 2454.000000
MALIGNANT 854.000000 1887.000000 1114.000000 2147.000000
MALIGNANT 934.000000 1774.000000 1194.000000 2034.000000
MALIGNANT 1080.000000 1900.000000 1340.000000 2160.000000
MALIGNANT 747.000000 2054.000000 1007.000000 2314.000000
MALIGNANT 967.000000 2080.000000 1227.000000 2340.000000
MALIGNANT 1134.000000 2007.000000 1394.000000 2267.000000
MALIGNANT 1140.000000 2227.000000 1400.000000 2487.000000
MALIGNANT 980.000000 2234.000000 1240.000000 2494.000000
MALIGNANT 760.000000 2300.000000 1020.000000 2560.000000
MALIGNANT 834.000000 2500.000000 1094.000000 2760.000000
MALIGNANT 1040.000000 2394.000000 1300.000000 2654.000000
