GOOD 2020.000000 2747.000000 2280.000000 3007.000000
GOOD 2427.000000 3187.000000 2687.000000 3447.000000
GOOD 1640.000000 3100.000000 1900.000000 3360.000000
GOOD 1927.000000 3107.000000 2187.000000 3367.000000
GOOD 2634.000000 2514.000000 2894.000000 2774.000000
GOOD 1494.000000 2814.000000 1754.000000 3074.000000
GOOD 1634.000000 2400.000000 1894.000000 2660.000000
GOOD 2214.000000 2454.000000 2474.000000 2714.000000
GOOD 2214.000000 2454.000000 2474.000000 2714.000000
GOOD 2660.000000 767.000000 2920.000000 1027.000000
GOOD 2660.000000 767.000000 2920.000000 1027.000000
GOOD 2194.000000 687.000000 2454.000000 947.000000
GOOD 1727.000000 780.000000 1987.000000 1040.000000
GOOD 1140.000000 1187.000000 1400.000000 1447.000000
