	0.169796854
	0.115740880
	0.244953468
	0.200021222
	0.377427965
	0.241799578
	0.175542712
	0.135714635
	0.235041410
	0.275853723
	0.413749188
	0.395008594
	0.124011420
	0.126180232
	0.226198435
	0.171366960
	0.278548002
	0.180349424
	0.089131504
	0.186883211
	0.284626573
	0.147084132
	0.159511760
	0.082047485
	0.106347032
	0.274409860
	0.300721496
	0.168204650
	0.138166323
	0.150935218
	0.165607587
	0.196423456
	0.164990455
	0.066872030
	0.167741925
	0.148839891
	0.130191058
	0.141704008
	0.088590980
	0.096561104
	0.065083116
	0.098729447
	0.209226340
	0.257090002
	0.089960039
	0.277740598
	0.098443933
	0.025461957
	0.164885059
	0.127408713
	0.139256299
	0.157144099
	0.065978184
	0.201837465
	0.266418457
	0.187431112
	0.135345399
	0.157220647
	0.129634351
	0.069543943
	0.125855029
	0.255019605
	0.132242829
	0.144327641
	0.183899388
	0.182062328
	0.148104951
	0.197703928
	0.216085583
	0.134018570
	0.190674484
	0.193835974
	0.273115486
	0.115858100
	0.124251738
	0.083989307
	0.288177431
	0.074146189
	0.057628728
	0.140228331
	0.204590738
	0.202996984
	0.096327022
	0.436325371
	0.189981103
	0.221898675
	0.136892021
	0.051419362
	0.288580954
	0.099791780
	0.098055728
	0.073148608
	0.053538024
	0.078960016
	0.157728270
	0.196819752
	0.098357350
	0.213169113
	0.161170438
	0.184184849
	0.147290289
	0.129770979
	0.377277851
	0.141037762
	0.284237742
	0.179861352
	0.131396875
	0.223407745
	0.161060572
	0.111452512
	0.144014046
	0.109787270
	0.128755867
	0.093022496
	0.135116816
	0.078904733
	0.248124823
	0.137382075
	0.074540123
	0.085557662
	0.128020406
	0.076402031
	0.208377272
	0.220297277
	0.260782778
	0.241023839
	0.122863680
	0.116022520
	0.106471673
	0.144910365
	0.226913363
	0.129676193
	0.173552468
	0.147438318
	0.148299009
	0.107198909
	0.182202965
	0.113600835
	0.142931730
	0.102389351
	0.211821198
	0.107757702
	0.155600592
	0.166962087
	0.094114959
	0.088662967
	0.182673112
	0.081362262
	0.067581281
	0.136991456
	0.049048513
	0.257287174
	0.371695518
	0.098447934
	0.258249640
	0.030085832
	0.112734497
	0.195292160
	0.147218257
	0.120757267
	0.107507423
	0.092701286
	0.121800408
	0.254293740
	0.273818374
	0.164094150
	0.190408304
	0.187366441
	0.109987855
	0.278663218
	0.216936350
	0.079354279
	0.051470265
	0.060484648
	0.152939543
	0.117848605
	0.146465451
	0.074965537
	0.341744661
	0.177129894
	0.072895825
	0.070134081
	0.124048404
	0.165757805
	0.229866445
	0.255210638
	0.130165905
	0.151969701
	0.104898751
	0.147749722
	0.078954235
	0.234002382
	0.132407054
	0.311555713
	0.120789021
	0.036996409
